5 0.84296875 0.4077102803738318 0.028125 0.0911214953271028
5 0.7546875 0.4158878504672897 0.0359375 0.09813084112149532
5 0.21171875 0.439252336455981 0.0171875 0.0514018691588785
5 0.190625 0.42990654205607476 0.0171875 0.07476635514018691
5 0.32890625 0.32710280373831774 0.0140625 0.06775700934579439
5 0.3734375 0.28738317757009346 0.0140625 0.05841121495327103
5 0.0140625 0.6647196261682243 0.025 0.13317757009345793
5 0.30546875 0.35630841121495327 0.025 0.06775700934579439
5 0.35078125 0.2932242990654206 0.0109375 0.05841121495327103
5 0.75859375 0.38901869158878505 0.009375 0.035046728971962614
5 0.18046875 0.4567757009345794 0.0234375 0.053738317757009345
5 0.115625 0.5373831775700935 0.01875 0.08411214953271028
5 0.25859375 0.4205607476635514 0.0296875 0.0443925233645598