5 0.5802083333333333 0.50625 0.025 0.034375
5 0.8177083333333334 0.5375 0.10625 0.125
5 0.47291666666666665 0.515625 0.04583333333333333 0.059375
5 0.32916666666666666 0.60625 0.32916666666666666 0.6625
5 0.14791666666666667 0.5265625 0.0625 0.0859375
5 0.534375 0.54609375 0.07708333333333334 0.103125
5 0.06041666666666667 0.53203125 0.12083333333333333 0.1375
5 0.075 0.4654375 0.0125 0.009375
5 0.6364583333333333 0.55546875 0.0625 0.084375
5 0.8604166666666667 0.521875 0.0375 0.04375
5 0.9375 0.5109375 0.035416666666666666 0.065625
5 0.7364583333333333 0.5296875 0.09583333333333334 0.1328125
5 0.7864583333333334 0.4984375 0.04791666666666667 0.053125