5 0.88828125 0.7775175644028103 0.03125 0.15690866510538642
5 0.9654375 0.7763466042154566 0.040625 0.159250585500937
5 0.67265625 0.781030444965712 0.034375 0.16627634660421545
5 0.69921875 0.7833723653395784 0.0375 0.13817330210772832
5 0.840625 0.7868852459016393 0.0296875 0.1451990632318501
5 0.08671875 0.6721311475409836 0.0453125 0.159250585500937
5 0.9375 0.7271662763466042 0.025 0.0843091335946135
5 0.45390625 0.7400468384074942 0.00625 0.01639344262295082
5 0.23984375 0.7775175644028103 0.0359375 0.1358313817330211
5 0.940625 0.7939110070257611 0.0265625 0.1686182669789227
