5 0.3375 0.5145833333333333 0.140625 0.5583333333333333
5 0.153125 0.3375 0.0765625 0.08541666666666667
5 0.29765625 0.3385416666666667 0.046875 0.07708333333333334
5 0.20703125 0.2677083333333333 0.05 0.10625
5 0.2921875 0.271875 0.054375 0.09375
5 0.29296875 0.23854166666666668 0.05625 0.10625
5 0.34140625 0.26145833333333335 0.053125 0.07291666666666667
5 0.33515625 0.21458333333333332 0.0828125 0.16458333333333333
5 0.51875 0.2677083333333333 0.0546875 0.11666666666666667
5 0.71015625 0.29375 0.0546875 0.06458333333333334
5 0.26796875 0.13333333333333333 0.034375 0.075
5 0.18671875 0.15104166666666666 0.05 0.10208333333333333
5 0.2125 0.3385416666666667 0.0453125 0.07916666666666666