5 0.3674698795180723 0.638 0.0753012051927711 0.144
5 0.10090361445783133 0.352 0.06927710843373494 0.066
5 0.1460843373493976 0.381 0.04216867469879518 0.02
5 0.045180722891566265 0.58 0.08734939759036145 0.05
5 0.41566265060240964 0.389 0.078313253012052 0.042
5 0.911144578313253 0.633 0.05421686746987952 0.088
5 0.01355421686746988 0.54 0.02710843373493976 0.05
5 0.2605421686746988 0.632 0.1205192771084337 0.154
5 0.519277108433735 0.394 0.05421686746987952 0.04
5 0.3990963855421687 0.396 0.04216867469879518 0.024
5 0.34036144578313254 0.403 0.0753012051927711 0.04
5 0.203313253012052 0.392 0.0632530120519277 0.044
5 0.572289156626506 0.595 0.26506024096385544 0.536