5 0.2078125 0.628125 0.0265625 0.12708333333333333
5 0.41953125 0.60625 0.0328125 0.11875
5 0.921875 0.6791666666666667 0.109375 0.24375
5 0.9640625 0.5989583333333334 0.0390625 0.09375
5 0.6828125 0.6020833333333333 0.0375 0.08958333333333333
5 0.065625 0.6479166666666667 0.0359375 0.15208333333333332
5 0.26953125 0.5583333333333333 0.015625 0.03958333333333333
5 0.66015625 0.5791666666666667 0.0234375 0.05416666666666667
5 0.6453125 0.5614583333333333 0.0171875 0.06458333333333334
5 0.7578125 0.5447916666666667 0.0109375 0.03958333333333333
5 0.22109375 0.6041666666666666 0.015625 0.07916666666666666
5 0.7109375 0.60625 0.034375 0.11041666666666666