5 0.20703125 0.5520833333333334 0.3703125 0.8708333333333333
5 0.33515625 0.522916666666667 0.190625 0.47708333333333336
5 0.60859375 0.6114583333333333 0.30625 0.7770833333333333
5 0.765625 0.5677083333333334 0.4671875 0.8395833333333333
5 0.44921875 0.61875 0.159375 0.7625
5 0.38359375 0.3927083333333333 0.090625 0.225
5 0.21796875 0.3458333333333333 0.0640625 0.1
5 0.9328125 0.35104166666666664 0.05625 0.09375
5 0.88515625 0.340625 0.04375 0.1
5 0.6421875 0.36770833333333336 0.0453125 0.08333333333333333
5 0.975 0.359375 0.05 0.10208333333333333
5 0.690625 0.39895833333333336 0.08125 0.08125