5 0.9671875 0.15023474178403756 0.015625 0.03755868544600939
5 0.45625 0.49178403755868544 0.1765625 0.43661971830985913
5 0.634375 0.3673708920187793 0.1375 0.546953568075117
5 0.74375 0.5293427230046949 0.41875 0.9154929577464789
5 0.02734375 0.2652582159624413 0.053125 0.176056338028169
5 0.0734375 0.21244131455399062 0.05625 0.09859154929577464
5 0.9640625 0.215962441314554 0.071875 0.09389671361502347
5 0.93125 0.1842723004695356 0.0390625 0.06103286384976526
5 0.14609375 0.1936619718309859 0.0640625 0.0892018779342723
5 0.1359375 0.07394366197183098 0.025 0.06338028169014084
5 0.46953125 0.21830985915492956 0.0984375 0.09154929577464789
5 0.09296875 0.17253521126760563 0.0375 0.08685446009389672
5 0.53671875 0.21713615023474178 0.0515625 0.09389671361502347