5 0.69765625 0.75452586877828 0.0265625 0.04072398190045249
5 0.7515625 0.670814479638009 0.0140625 0.049773755656108594
5 0.2234375 0.6527149321266968 0.0640625 0.32805429864253394
5 0.64375 0.833710407239819 0.025 0.05656108597285068
5 0.8375 0.7273755656108597 0.025 0.049773755656108594
5 0.93125 0.6832579185520362 0.0234375 0.049773755656108594
5 0.6296875 0.569004525868778 0.009375 0.01583710407239819
5 0.15703125 0.6289592760180995 0.0828125 0.34615384615384615
5 0.1140625 0.6244343891402715 0.053125 0.26018099547511314
5 0.28125 0.6380090497737556 0.0671875 0.2986425339366516
5 0.68671875 0.6730769230769231 0.01875 0.06108597285067873
5 0.35 0.6968325791855203 0.10625 0.3212669683257919
5 0.496875 0.5927601809954751 0.015625 0.02586877828054297