5 0.4238875878220141 0.61640625 0.1873536299765808 0.415625
5 0.152225243559719 0.35859375 0.07494145199063232 0.0703125
5 0.6686182669789227 0.20859375 0.03981264637002342 0.0234375
5 0.7072599531615925 0.11953125 0.11943793911007025 0.078125
5 0.882903981264637 0.21328125 0.0304449657119438 0.0234375
5 0.9461358313817331 0.2046875 0.1030444965711944 0.115625
5 0.870023419203747 0.18046875 0.06791569086651054 0.0640625
5 0.932084309133595 0.1171875 0.07494145199063232 0.05625
5 0.860655737704918 0.1171875 0.07494145199063232 0.0640625
5 0.7459016393442623 0.21171875 0.06791569086651054 0.021875
5 0.281030444965712 0.35 0.06791569086651054 0.09375
5 0.7728337236533958 0.19765625 0.08196721311475409 0.0515625