5 0.54921875 0.3260416666666667 0.2515625 0.38333333333333336
5 0.409375 0.234375 0.178125 0.2625
5 0.6390625 0.2875 0.1125 0.31875
5 0.8609375 0.21354166666666666 0.0578125 0.12083333333333333
5 0.25 0.3145833333333333 0.33125 0.625
5 0.9546875 0.18854166666666666 0.0625 0.10625
5 0.00152945625 0.00033125 0.0000660890625 0.00031597291666666665
5 0.88125 0.5114583333333333 0.2375 0.31875
5 0.80546875 0.184375 0.090625 0.10833333333333334
5 0.340625 0.22708333333333333 0.121875 0.14375
5 0.954375 0.228125 0.0875 0.11875
5 0.878125 0.14583333333333334 0.028125 0.03333333333333333
5 0.77265625 0.1625 0.0640625 0.12083333333333333
