5 0.6984375 0.6517647058823529 0.0265625 0.13411764705882354
5 0.6671875 0.6623529411764706 0.0421875 0.1411764705882353
5 0.58984375 0.6423529411764706 0.0421875 0.14352941176470588
5 0.5625 0.6129411764705882 0.028125 0.12941176470588237
5 0.5359375 0.5764705882352941 0.021875 0.058823529411764705
5 0.51953125 0.5694117647058824 0.01875 0.04470588235294118
5 0.0890625 0.8764705882352941 0.154375 0.24705882352941178
5 0.9046875 0.6729411764705883 0.0421875 0.1623529411764706
5 0.08984375 0.7070588235294117 0.0828125 0.38588235294117645
5 0.16875 0.74 0.0859375 0.3458823529411765
5 0.0640625 0.5623529411764706 0.021875 0.05647058823529412
5 0.02734375 0.6517647058823529 0.054375 0.2611764705882353
5 0.3765625 0.5694117647058824 0.01875 0.07764705882352942
