5 0.5109375 0.37089201877934275 0.2765625 0.5258215962441315
5 0.4109375 0.4636150234741784 0.03125 0.11971830985915492
5 0.33046875 0.4730046953568075 0.0390625 0.1056338028169014
5 0.77578125 0.4084507042253521 0.025 0.09154929577464789
5 0.24140625 0.445356807511737 0.01875 0.0539906103286385
5 0.26640625 0.4495305164319249 0.028125 0.056338028169014086
5 0.79453125 0.42018779342723006 0.0203125 0.1056338028169014
5 0.8328125 0.43661971830985913 0.028125 0.11502347417840375
5 0.88671875 0.4307511737089202 0.01875 0.03286384976525822
5 0.8640625 0.442582629107981 0.021875 0.05868544600938967
5 0.63515625 0.4612676056338028 0.025 0.07042253521126761
5 0.2154375 0.43661971830985913 0.0171875 0.09154929577464789
5 0.725 0.4624413145539906 0.0296875 0.07042253521126761