5 0.9133016627078385 0.49609375 0.17339667458432304 0.59375
5 0.808788598575219 0.49453125 0.16864608076009502 0.503125
5 0.7220902612826603 0.590625 0.13539192399049882 0.4671875
5 0.5166270783847982 0.5578125 0.28028503562945367 0.7734375
5 0.0831353919239905 0.50703125 0.166270783847981 0.5609375
5 0.17814726840855108 0.4390625 0.14251781472684086 0.421875
5 0.1389556935866982 0.13046875 0.0831353919239905 0.09375
5 0.6567695961995249 0.490625 0.1496437054631829 0.559375
5 0.3479809976247031 0.64140625 0.047505938242280284 0.165625
5 0.5866983372921615 0.27109375 0.04513064133016627 0.059375
5 0.83729216152019 0.1328125 0.0760095011876546 0.0828125
5 0.7304038004750594 0.21875 0.07125890736342043 0.06875
5 0.2755344418052256 0.55390625 0.2589073634204275 0.4765625