5 0.39921875 0.47079439252336447 0.271875 0.5163551401869159
5 0.08046875 0.5712616822429907 0.1609375 0.3598130841121495
5 0.5953125 0.425233645598131 0.0578125 0.273364559813084
5 0.65546875 0.4205607476635514 0.0625 0.273364559813084
5 0.7328125 0.524766355140187 0.08125 0.14953271028037382
5 0.77734375 0.4661214953271028 0.0640625 0.17990654205607476
5 0.79921875 0.4357476635514019 0.03125 0.15186915887850466
5 0.04921875 0.16004672897196262 0.0515625 0.07242990654205607
5 0.96796875 0.4182242990654206 0.0640625 0.2570093457943925
5 0.46953125 0.17406542056074767 0.0421875 0.0630841121495327
5 0.3328125 0.16705607476635514 0.0375 0.06074766355140187
5 0.2859375 0.5598130841121495 0.075 0.1705607476635514
5 0.865625 0.463785046728972 0.078125 0.18691588785046728