5 0.2609375 0.5727699530516432 0.046875 0.09154929577464789
5 0.35546875 0.5727699530516432 0.0359375 0.07276995305164319
5 0.471875 0.562206572769953 0.01875 0.11032863849765258
5 0.5046875 0.539906103286385 0.03125 0.09389671361502347
5 0.5359375 0.5211267605633803 0.0171875 0.07042253521126761
5 0.58671875 0.5117370892018779 0.0109375 0.07276995305164319
5 0.609375 0.5093896713615024 0.009375 0.0539906103286385
5 0.43671875 0.5610328638497653 0.021875 0.10328638497652583
5 0.34140625 0.5598591549295775 0.0171875 0.07746478873239436
5 0.40625 0.5985915492957746 0.025 0.09624413145539906
5 0.31796875 0.551643192582629 0.021875 0.06103286384976526
5 0.9609375 0.42018779342723006 0.078125 0.14084507042253522
5 0.41640625 0.543427230046954 0.0265625 0.06103286384976526