5 0.1109375 0.646875 0.1984375 0.45
5 0.7703125 0.4114583333333333 0.0984375 0.275
5 0.68671875 0.28020833333333334 0.0625 0.20416666666666666
5 0.040625 0.4270833333333333 0.08125 0.275
5 0.41171875 0.36770833333333336 0.1125 0.3104166666666667
5 0.83671875 0.3770833333333333 0.09375 0.35208333333333336
5 0.3578125 0.121875 0.0453125 0.05625
5 0.5859375 0.36770833333333336 0.1078125 0.26875
5 0.92109375 0.3625 0.078125 0.38958333333333334
5 0.97109375 0.33125 0.0578125 0.2625
5 0.62734375 0.20208333333333334 0.040625 0.07708333333333334
5 0.459375 0.278125 0.0625 0.14166666666666666
5 0.4625 0.19270833333333334 0.0453125 0.06041666666666667