5 0.54140625 0.3643006263050164 0.0171875 0.04384133611691023
5 0.18828125 0.3392543423799583 0.0234375 0.0501670146137787
5 0.5125 0.31419624217118997 0.0265625 0.03549060542797495
5 0.5609375 0.31419624217118997 0.009375 0.014613778705636743
5 0.59765625 0.305845511522547 0.00625 0.010438413361169102
5 0.49140625 0.3569937369519833 0.0140625 0.03966597077244259
5 0.57421875 0.305016701461378 0.00625 0.012526096033402923
5 0.87890625 0.2828810020876827 0.0078125 0.012526096033402923
5 0.94140625 0.29436325678496866 0.009375 0.012526096033402923
5 0.840625 0.28914405010438415 0.021875 0.008350730688935281
5 0.88828125 0.28914405010438415 0.0109375 0.010438413361169102
5 0.21171875 0.36325678496868474 0.0078125 0.010438413361169102