5 0.703125 0.5374707259953162 0.3375 0.8173302107728337
5 0.8453125 0.5878220140515222 0.1625 0.27634660421545665
5 0.93125 0.6088992974238876 0.05625 0.2524355971896955
5 0.2296875 0.5011709601873536 0.11875 0.402810304449657
5 0.1328125 0.49414519906323184 0.1078125 0.42857142857142855
5 0.0609375 0.49882903981264637 0.121875 0.40515222524356
5 0.415625 0.14754098360655737 0.0875 0.1030444965711944
5 0.55625 0.10187353629976581 0.1078125 0.1990632318501171
5 0.6984375 0.13466042154566746 0.08125 0.13817330210772832
5 0.8140625 0.5608899297423887 0.059375 0.15456674473067916
5 0.74609375 0.59547775175644 0.08125 0.250585500936768
5 0.5125 0.07728337236533958 0.0859375 0.152225243559719
5 0.50234375 0.47306791569086654 0.128125 0.468384074941452