5 0.002499592 0.00159376 0.000334152 0.0008125
5 0.04533333333333334 0.613 0.09066666666666667 0.324
5 0.8613333333333333 0.621 0.02666666666666667 0.064
5 0.8213333333333334 0.614 0.024 0.068
5 0.804 0.614 0.021333333333333333 0.07
5 0.7893333333333333 0.609 0.018666666666666668 0.07
5 0.9013333333333333 0.625 0.037333333333333336 0.064
5 0.5813333333333334 0.573 0.018666666666666668 0.056
5 0.56 0.57 0.016 0.052
5 0.736 0.596 0.018666666666666668 0.064
5 0.5493333333333333 0.561 0.018666666666666668 0.044
5 0.526666666666667 0.545 0.013333333333333334 0.036
5 0.44666666666666666 0.539 0.016 0.044