5 0.7078125 0.6088992974238876 0.0578125 0.11943793911007025
5 0.15546875 0.7517564402810304 0.05625 0.1030444965711944
5 0.090625 0.7576112412177985 0.04375 0.0936768149882904
5 0.06796875 0.7622950819672131 0.034375 0.06791569086651054
5 0.73671875 0.5117096018735363 0.0578125 0.2295081967213115
5 0.6921875 0.509367681498829 0.054375 0.15456674473067916
5 0.290625 0.5117096018735363 0.4078125 0.6370023419203747
5 0.584375 0.59547775175644 0.0953125 0.3981264637002342
5 0.2046875 0.7072599531615925 0.0375 0.16393442622950818
5 0.13515625 0.7517564402810304 0.028125 0.08665105386416862
5 0.840625 0.5491803278688525 0.0625 0.10070257611241218