5 0.6007025761124122 0.50546875 0.5526932084309133 0.8625
5 0.8899297423887588 0.4796875 0.2154566744730679 0.5328125
5 0.159250585500937 0.1359375 0.1686182669789227 0.1421875
5 0.46604215456674475 0.09921875 0.13817330210772832 0.1703125
5 0.8337236533957846 0.171875 0.053864168618266976 0.121875
5 0.5292740046838408 0.6921875 0.45433255269320844 0.590625
5 0.843091335946136 0.1203125 0.0515222524355972 0.0421875
5 0.5831381733021077 0.13828125 0.07494145199063232 0.0734375
5 0.603044496571194 0.1515625 0.0351288056206089 0.0328125
5 0.35714285714285715 0.1296875 0.1217798595477751 0.1515625
5 0.8981264637002342 0.16953125 0.08196721311475409 0.1390625