5 0.6078125 0.5245901639344263 0.0734375 0.38173302107728335
5 0.25234375 0.4215456674473068 0.084375 0.1756440281030445
5 0.11953125 0.4250585500936765 0.1390625 0.22716627634660422
5 0.05859375 0.1112412177985955 0.1046875 0.222524355971897
5 0.1654375 0.11475409836065574 0.109375 0.2295081967213115
5 0.19609375 0.44730679156908665 0.065625 0.1335946135831383
5 0.31171875 0.0913359461358314 0.0703125 0.18266978922716628
5 0.50625 0.505855009367682 0.1765625 0.9882903981264637
5 0.1171875 0.06440281030444965 0.0671875 0.1288056206088993
5 0.22734375 0.0855009367681499 0.071875 0.17096018735362997
5 0.03828125 0.45550351288056207 0.0765625 0.14988290398126464
5 0.0515625 0.35011709601873536 0.0765625 0.16393442622950818
5 0.0140625 0.382903981264637 0.0265625 0.1241217798595478