5 0.603125 0.709375 0.0328125 0.10833333333333334
5 0.58984375 0.625 0.0296875 0.1125
5 0.428125 0.525 0.025 0.04375
5 0.3859375 0.5239583333333333 0.0140625 0.027083333333333334
5 0.3421875 0.5020833333333333 0.0078125 0.022916666666666665
5 0.33203125 0.496875 0.0125 0.020833333333333332
5 0.80234375 0.871875 0.0265625 0.13125
5 0.378125 0.521875 0.0078125 0.020833333333333332
5 0.1984375 0.759375 0.01875 0.0375
5 0.096875 0.6979166666666666 0.015625 0.06041666666666667
5 0.715625 0.8802083333333334 0.034375 0.12291666666666666
5 0.40703125 0.525 0.0140625 0.03333333333333333