5 0.7219626168224299 0.228125 0.441588785046729 0.3375
5 0.6623831775700935 0.4515625 0.06775700934579439 0.096875
5 0.7628504672897196 0.5359375 0.06542056074766354 0.0625
5 0.8282710280373832 0.4765625 0.07710280373831775 0.0953125
5 0.883177570093458 0.4984375 0.056074766355140186 0.0625
5 0.9626168224299065 0.50546875 0.05841121495327103 0.053125
5 0.3130841121495327 0.35390625 0.13317757009345793 0.1953125
5 0.07593457943925233 0.28828125 0.0911214953271028 0.1390625
5 0.6004672897196262 0.45703125 0.07710280373831775 0.0703125
5 0.7149532710280374 0.4796875 0.04205607476635514 0.05625
5 0.18574766355140188 0.34765625 0.102803738317757 0.0828125
5 0.5058411214953271 0.35 0.07476635514018691 0.05
5 0.704439252336456 0.4703125 0.056074766355140186 0.0609375