5 0.514051522252436 0.865625 0.112412177985955 0.2046875
5 0.6088992974238876 0.7296875 0.0515222524355972 0.096875
5 0.6463700234192038 0.7078125 0.0351288056206089 0.0765625
5 0.8618266978922716 0.69453125 0.0351288056206089 0.075
5 0.9110070257611241 0.8453125 0.13817330210772832 0.2046875
5 0.43559718969555034 0.90859375 0.11007025761124122 0.1828125
5 0.07611241217798595 0.91953125 0.14754098360655737 0.1609375
5 0.1335946135831383 0.8015625 0.09836065573770492 0.0796875
5 0.1955503512880562 0.7890625 0.1053864168618267 0.1109375
5 0.8067915690866511 0.909375 0.117096018735363 0.18125
5 0.4765807962529274 0.7154375 0.03747072599531616 0.0859375
5 0.2997658079625293 0.90078125 0.1217798595477751 0.1984375
5 0.9426229508196722 0.6654375 0.02576112412177986 0.046875