5 0.776 0.8014925373134328 0.104 0.373134328358209
5 0.018 0.6537313432835821 0.036 0.18507462686567164
5 0.62 0.6761194029850747 0.022 0.05970149253731343
5 0.571 0.6567164179104478 0.018 0.06567164179104477
5 0.519 0.6582089552238806 0.026 0.0865671641791045
5 0.496 0.6567164179104478 0.022 0.07761194029850746
5 0.745 0.6716417910447762 0.028 0.05970149253731343
5 0.665 0.6925373134328359 0.022 0.11044776119402985
5 0.318 0.6119402985074627 0.014 0.07164179104477612
5 0.379 0.6223880597014926 0.024 0.06865671641791045
5 0.68 0.7 0.022 0.05970149253731343
5 0.596 0.6611940298507463 0.016 0.06865671641791045
5 0.712 0.7253731343283583 0.038 0.2208955223880597