5 0.8633177570093458 0.8109375 0.15186915887850466 0.2375
5 0.14369158878504673 0.19921875 0.08411214953271028 0.1171875
5 0.5257009345794392 0.25 0.0864559813084112 0.0625
5 0.204439252336456 0.5154375 0.07710280373831775 0.0734375
5 0.49883177570093457 0.5203125 0.0957943925233645 0.0640625
5 0.4217289719626168 0.471875 0.035046728971962614 0.0359375
5 0.4053738317757009 0.5203125 0.07009345794392523 0.071875
5 0.6600467289719626 0.24453125 0.053738317757009345 0.0421875
5 0.33761682242990654 0.75078125 0.19158878504672897 0.19375
5 0.32009345794392524 0.52109375 0.0630841121495327 0.065625
5 0.552570093457944 0.5203125 0.0630841121495327 0.0671875
5 0.6612149532710281 0.4578125 0.06775700934579439 0.040625
5 0.752336455981309 0.2796875 0.06775700934579439 0.03125
