5 0.9058577405857741 0.40859375 0.18828451882845187 0.3390625
5 0.13702928870292888 0.64921875 0.26569037656903766 0.1890625
5 0.08786610878661087 0.44375 0.17573221757322174 0.26875
5 0.7918410041841004 0.4359375 0.23430962343096234 0.3734375
5 0.19351464435146443 0.4203125 0.058577405857740586 0.14375
5 0.25 0.39765625 0.09414225941422594 0.078125
5 0.649581589958159 0.4421875 0.2196652719665272 0.2046875
5 0.53975953975954 0.4109375 0.12133891213389121 0.154375
5 0.6359832635983264 0.33671875 0.0502092050209205 0.0359375
5 0.7332635983263598 0.35546875 0.09623430962343096 0.1421875
5 0.2824267782426778 0.39375 0.0502092050209205 0.0546875
5 0.1600418410041841 0.428125 0.060669456066945605 0.146875
5 0.9267782426778243 0.6171875 0.14644351464435146 0.1015625
