5 0.551611208406305 0.47265625 0.2626970227670753 0.5578125
5 0.1628721541155867 0.18203125 0.1313551138353765 0.15
5 0.478984238178634 0.1171875 0.08581436077057793 0.1453125
5 0.7364273204903677 0.0859375 0.08756567425569177 0.171875
5 0.8607705779334501 0.24296875 0.0893169877408056 0.0765625
5 0.7591943957968477 0.22890625 0.10683012259194395 0.096875
5 0.649737302977233 0.21875 0.10332749562171628 0.1078125
5 0.5525394045534151 0.19140625 0.099825686515861 0.128125
5 0.46059544658493873 0.18203125 0.1138353765323993 0.1375
5 0.351138353765324 0.18671875 0.1085814360770578 0.1609375
5 0.04553415061295972 0.17578125 0.09106830122591944 0.125
5 0.5595446584938704 0.125 0.09457092819614711 0.1625
5 0.25686515861646 0.18984375 0.10332749562171628 0.1546875