5 0.096875 0.74375 0.058333333333333334 0.1171875
5 0.171875 0.7390625 0.052083333333333336 0.1140625
5 0.8697916666666666 0.75703125 0.0625 0.0984375
5 0.9833333333333333 0.72734375 0.025 0.0375
5 0.33541666666666664 0.70859375 0.014583333333333334 0.0359375
5 0.19791666666666666 0.740625 0.03125 0.1015625
5 0.95 0.72421875 0.035416666666666666 0.0390625
5 0.846875 0.715625 0.03958333333333333 0.046875
5 0.6739583333333333 0.71015625 0.016666666666666666 0.0265625
5 0.221875 0.71328125 0.016666666666666666 0.0234375
