5 0.71640625 0.815625 0.0640625 0.22916666666666666
5 0.66875 0.7885416666666667 0.0234375 0.09375
5 0.65234375 0.6885416666666667 0.0125 0.03333333333333333
5 0.5015625 0.6208333333333333 0.0109375 0.03125
5 0.57578125 0.6302083333333334 0.015625 0.022916666666666665
5 0.60625 0.6239583333333333 0.00625 0.020833333333333332
5 0.63203125 0.6104166666666667 0.009375 0.022916666666666665
5 0.65 0.6177083333333333 0.0125 0.0375
5 0.1375 0.846875 0.10625 0.30416666666666664
5 0.0546875 0.6989583333333333 0.0203125 0.09375
5 0.5734375 0.778125 0.0265625 0.08333333333333333
5 0.134375 0.6322916666666667 0.01875 0.05416666666666667
