5 0.528125 0.3337236533957845 0.0734375 0.20608899297423888
5 0.4328125 0.3992974238875878 0.0578125 0.281030444965712
5 0.39765625 0.4953161592505855 0.2640625 0.985954777517564
5 0.21171875 0.31733021077283374 0.1640625 0.3594613583138173
5 0.11953125 0.4320843091335944 0.23125 0.6182669789227166
5 0.14296875 0.250585500936768 0.071875 0.30210772833723654
5 0.61171875 0.2939110070257611 0.0578125 0.222524355971897
5 0.854375 0.45901639344262296 0.06875 0.5526932084309133
5 0.790625 0.43676814988290397 0.06875 0.40749414519906324
5 0.58515625 0.5737704918032787 0.1421875 0.7704918032786885
5 0.7390625 0.4262295081967213 0.121875 0.5362997658079626
5 0.428125 0.24355971896955503 0.059375 0.140515222524356
5 0.49765625 0.234192037470726 0.0328125 0.058550093676815