5 0.32578125 0.5387029288702929 0.0765625 0.3158995815899582
5 0.154375 0.5784518828451883 0.1 0.41841004184100417
5 0.4796875 0.574476987447699 0.0453125 0.155117155117154
5 0.440625 0.5062761506276151 0.0515625 0.17364016736401675
5 0.409375 0.4361924686192469 0.01875 0.03975953975954
5 0.07421875 0.5523012552301255 0.0859375 0.3723849372384937
5 0.39140625 0.5606694560669456 0.11875 0.3263598326359833
5 0.8046875 0.4309623430962343 0.0328125 0.03765690376569038
5 0.303125 0.4675732217573222 0.028125 0.12133891213389121
5 0.2078125 0.47384937238493724 0.03125 0.1192468619246862
