5 0.59595959595 0.611 0.2042042042042042 0.47
5 0.7117117117117117 0.224 0.06006006006006006 0.06
5 0.10510510510510511 0.227 0.057057057057057055 0.034
5 0.04054054054054054 0.297 0.07807807807807808 0.072
5 0.17417417417417416 0.411 0.08108108108108109 0.044
5 0.3843843843843844 0.344 0.03903903903903904 0.032
5 0.7792792792792793 0.4 0.07807807807807808 0.062
5 0.8573573573573574 0.396 0.06606606606606606 0.06
5 0.9174174174174174 0.95 0.16516516516516516 0.104
5 0.7237237237237237 0.352 0.07507507507507508 0.046
5 0.395959595949 0.113 0.050505050505 0.054
5 0.6051051051051051 0.399 0.07807807807807808 0.07
5 0.2552552552552553 0.498 0.10810810810810811 0.108