5 0.609 0.703551912568306 0.16 0.38524590163934425
5 0.784 0.3729508196721312 0.11 0.16666666666666666
5 0.104 0.6734972677595629 0.144 0.4180327868852459
5 0.069 0.3879781420765027 0.138 0.17759562841530055
5 0.669 0.21584699453551912 0.108 0.16393442622950818
5 0.569 0.1762295081967213 0.1 0.1830601092896175
5 0.713 0.1407103825136612 0.05 0.1010928961756339
5 0.988 0.19672131147540983 0.024 0.128415300546451
5 0.429 0.23633879781420766 0.036 0.0628415300546451
5 0.912 0.6502732240437158 0.096 0.2540983606557377
5 0.854 0.13387978142076504 0.086 0.12295081967213115
5 0.778 0.24043715846994534 0.094 0.18579234972677597
5 0.117 0.2691256830601093 0.16 0.3961756338797814