5 0.24270833333333333 0.58828125 0.016666666666666666 0.025
5 0.7572916666666667 0.54375 0.008333333333333333 0.01875
5 0.2 0.5546875 0.0125 0.0171875
5 0.5708333333333333 0.56015625 0.0125 0.01875
5 0.9354166666666667 0.51015625 0.00625 0.0140625
5 0.7427083333333333 0.5125 0.00625 0.0078125
5 0.8822916666666667 0.51015625 0.004166666666666667 0.0125
5 0.909375 0.5015625 0.008333333333333333 0.009375
5 0.8604166666666667 0.496875 0.008333333333333333 0.0125
5 0.8125 0.5046875 0.00625 0.0109375
5 0.16145833333333334 0.5125 0.01875 0.0078125
5 0.21666666666666667 0.5125 0.00625 0.0125
5 0.08541666666666667 0.51953125 0.00625 0.009375