5 0.32578125 0.7697916666666667 0.09375 0.45625
5 0.43671875 0.74375 0.084375 0.35208333333333336
5 0.49296875 0.6395833333333333 0.0421875 0.14791666666666667
5 0.653125 0.6541666666666667 0.04375 0.14791666666666667
5 0.73828125 0.69375 0.0703125 0.24791666666666667
5 0.85703125 0.7197916666666667 0.071875 0.28541666666666665
5 0.5515625 0.6520833333333333 0.034375 0.19583333333333333
5 0.05 0.721875 0.096875 0.3229166666666667
5 0.375 0.7 0.0703125 0.30416666666666664
5 0.1953125 0.7364583333333333 0.0828125 0.3375
5 0.08984375 0.61875 0.054375 0.11875
5 0.62109375 0.765625 0.1078125 0.4166666666666667
5 0.57109375 0.7010416666666667 0.034375 0.2604166666666667