5 0.001455925 0.0014929203125 0.00010395 0.0001391609375
5 0.8979166666666667 0.77265625 0.029166666666666667 0.0375
5 0.5552083333333333 0.8234375 0.058333333333333334 0.046875
5 0.39375 0.865625 0.06041666666666667 0.1
5 0.046875 0.89921875 0.06458333333333334 0.1109375
5 0.7229166666666667 0.9515625 0.05416666666666667 0.096875
5 0.3697916666666667 0.87109375 0.09375 0.0953125
5 0.23958333333333334 0.903125 0.09583333333333334 0.1078125
5 0.028125 0.77265625 0.03958333333333333 0.0296875
5 0.15833333333333333 0.7640625 0.03958333333333333 0.034375
5 0.10625 0.77109375 0.027083333333333334 0.03125
5 0.5770833333333333 0.76171875 0.01875 0.03125
5 0.07708333333333334 0.77109375 0.029166666666666667 0.0359375