5 0.24609375 0.5708333333333333 0.146875 0.5583333333333333
5 0.13515625 0.5833333333333334 0.14375 0.7208333333333333
5 0.290625 0.41041666666666665 0.0859375 0.33541666666666664
5 0.04140625 0.359375 0.078125 0.2625
5 0.38125 0.575 0.1109375 0.15
5 0.16015625 0.39375 0.0453125 0.26458333333333334
5 0.05546875 0.5427083333333333 0.065625 0.5
5 0.01171875 0.34270833333333334 0.0234375 0.14791666666666667
5 0.46953125 0.5572916666666666 0.096875 0.14166666666666666
5 0.17734375 0.3229166666666667 0.0203125 0.07291666666666667
