5 0.870023419203747 0.52578125 0.25995316159250587 0.6875
5 0.7213114754098361 0.22734375 0.13114754098360656 0.2234375
5 0.8395784543325527 0.23828125 0.07494145199063232 0.0734375
5 0.36768149882903983 0.3078125 0.2107728337236534 0.2703125
5 0.3103044496571196 0.57734375 0.36065573770491804 0.821875
5 0.24941451990632318 0.37890625 0.4402810304449656 0.575
5 0.20374707259953162 0.5154375 0.40749414519906324 0.95
5 0.47306791569086654 0.27265625 0.117096018735363 0.2140625
5 0.779859547775175 0.22421875 0.06088992974238876 0.1015625
5 0.6721311475409836 0.553125 0.4215456674473068 0.7859375
5 0.5538641686182669 0.2015625 0.06791569086651054 0.0828125
5 0.680327868852459 0.33515625 0.0468384074941452 0.13125
5 0.4426229508196721 0.146875 0.140515222524356 0.0703125
