5 0.1639784946236559 0.97109375 0.02956989247311828 0.05
5 0.1959247311827956 0.9765625 0.03225806451612903 0.04375
5 0.25 0.97421875 0.03763440860215054 0.0515625
5 0.3911290322580645 0.9734375 0.03225806451612903 0.046875
5 0.44623655913978494 0.96953125 0.026881720430107527 0.04375
5 0.5067204301075269 0.96796875 0.026881720430107527 0.03125
5 0.4166666666666667 0.97265625 0.02956989247311828 0.04375
5 0.00013784139784946237 0.001521375 0.00010991129032258064 0.0000822515625
5 0.4327956989247312 0.95703125 0.01881720430107527 0.0203125
5 0.6088709677419355 0.95390625 0.016129032258064516 0.015625
5 0.10215053763440861 0.9734375 0.016129032258064516 0.01875
5 0.2970430107526882 0.9703125 0.02419355387096774 0.040625
5 0.1424731182795699 0.97734375 0.021505376344086023 0.021875