5 0.7796875 0.659250585500936 0.1046875 0.3359461358313816
5 0.7359375 0.46955503512880564 0.109375 0.351288056206089
5 0.69453125 0.6311475409836066 0.0765625 0.40515222524356
5 0.92578125 0.5819672131147541 0.0203125 0.08899297423887588
5 0.4654375 0.4414519906323185 0.084375 0.3325526932084309
5 0.4125 0.6288056206088993 0.0703125 0.3981264637002342
5 0.1015625 0.6791569086651054 0.05625 0.3231850117096019
5 0.56875 0.661592505855009 0.0859375 0.3594613583138173
5 0.0015351203125000001 0.0015452014051522247 0.000054760937500000005 0.00038024590163934427
5 0.478125 0.659250585500936 0.0734375 0.3594613583138173
5 0.4421875 0.3618266978922717 0.040625 0.14285714285714285
5 0.00703125 0.6182669789227166 0.0140625 0.1030444965711944
5 0.284375 0.6721311475409836 0.0921875 0.32786885245901637