5 0.70625 0.47708333333333336 0.046875 0.13333333333333333
5 0.934375 0.565625 0.078125 0.2791666666666667
5 0.89140625 0.5427083333333333 0.0671875 0.2833333333333333
5 0.63515625 0.4791666666666667 0.046875 0.12083333333333333
5 0.60703125 0.575 0.034375 0.13541666666666666
5 0.78046875 0.521875 0.03125 0.08958333333333333
5 0.509375 0.564583333333333 0.0453125 0.12083333333333333
5 0.39921875 0.5322916666666667 0.04375 0.20208333333333334
5 0.1296875 0.4947916666666667 0.253125 0.9895833333333334
5 0.354375 0.5427083333333333 0.0421875 0.18958333333333333
5 0.434375 0.5427083333333333 0.0375 0.19375
5 0.32265625 0.54375 0.054375 0.18125
