5 0.68359375 0.65625 0.254375 0.3770833333333333
5 0.49296875 0.628125 0.15625 0.28541666666666665
5 0.64375 0.47291666666666665 0.1859375 0.26666666666666666
5 0.9 0.5729166666666666 0.1515625 0.225
5 0.2515625 0.5947916666666667 0.0796875 0.18958333333333333
5 0.159375 0.6895833333333333 0.1546875 0.41041666666666665
5 0.3140625 0.6739583333333333 0.096875 0.3125
5 0.6375 0.37604166666666666 0.13125 0.14583333333333334
5 0.771875 0.5697916666666667 0.0703125 0.1875
5 0.09453125 0.7572916666666667 0.1890625 0.5541666666666666
5 0.19921875 0.6010416666666667 0.0890625 0.22083333333333333
