5 0.6359375 0.8145833333333333 0.1171875 0.34791666666666665
5 0.19453125 0.6114583333333333 0.0859375 0.3645833333333333
5 0.10390625 0.6229166666666667 0.1109375 0.4083333333333333
5 0.275 0.6270833333333333 0.0578125 0.2708333333333333
5 0.353125 0.6083333333333333 0.090625 0.3104166666666667
5 0.79296875 0.5864583333333333 0.0328125 0.125
5 0.45234375 0.5291666666666667 0.05625 0.09583333333333334
5 0.85078125 0.5739583333333333 0.028125 0.11666666666666667
5 0.56171875 0.590625 0.0546875 0.20625
5 0.49921875 0.6010416666666667 0.065625 0.225
5 0.59765625 0.5302083333333333 0.0453125 0.0875
5 0.6328125 0.5395833333333333 0.0265625 0.06666666666666667
5 0.65078125 0.521875 0.015625 0.04583333333333333
