5 0.1654375 0.3826366559555306 0.159375 0.517685874598071
5 0.2828125 0.3078778135052313 0.16875 0.4678456591639871
5 0.57109375 0.6583601286173634 0.2203125 0.20739549839228297
5 0.45078125 0.32234726688102894 0.14375 0.4405144694533762
5 0.91953125 0.18569131832797428 0.01875 0.04983922829581994
5 0.95625 0.18971061093247588 0.0203125 0.04019292604501608
5 0.209375 0.1221864951768587 0.0578125 0.04019292604501608
5 0.40625 0.1760450160771704 0.025 0.03536977491961415
5 0.37890625 0.1680064308681672 0.021875 0.0578778135052315
5 0.890625 0.15112540192926044 0.0109375 0.022508038585209004
5 0.8328125 0.15112540192926044 0.0109375 0.01929260450160772
5 0.7734375 0.1366559555305466 0.021875 0.03054662379421222