5 0.41328125 0.668235294117647 0.4921875 0.6635294117647059
5 0.35703125 0.6270588235294118 0.090625 0.5129411764705882
5 0.1375 0.6047058823529412 0.0984375 0.2847058823529412
5 0.04296875 0.6211764705882353 0.040625 0.13647058823529412
5 0.76875 0.6541176470588236 0.121875 0.4117647058823529
5 0.85859375 0.6247058823529412 0.040625 0.17411764705882352
5 0.91875 0.6317647058823529 0.0375 0.16470588235294117
5 0.65234375 0.6070588235294118 0.028125 0.10823529411764705
5 0.675 0.6223529411764706 0.0375 0.11058823529411765
5 0.64921875 0.691764705882353 0.0515625 0.12470588235294118
5 0.23046875 0.5894117647058823 0.0203125 0.08705882352941176
5 0.80703125 0.6282352941176471 0.0375 0.16470588235294117
5 0.971875 0.6447058823529411 0.03125 0.15764705882352942