5 0.71640625 0.6112412177985949 0.3953125 0.693208430913359
5 0.275 0.741217798595478 0.303125 0.41451990632318503
5 0.93203125 0.0843091335946135 0.13125 0.1686182669789227
5 0.81171875 0.08313817330210772 0.125 0.16627634660421545
5 0.66328125 0.0913359461358314 0.1375 0.16393442622950818
5 0.28125 0.1112412177985955 0.1421875 0.222524355971897
5 0.12734375 0.08079625292740047 0.0953125 0.15690866510538642
5 0.05234375 0.10070257611241218 0.090625 0.2014051522252436
5 0.67265625 0.040983606557377046 0.11875 0.08196721311475409
5 0.54765625 0.0913359461358314 0.1 0.1756440281030445
5 0.11640625 0.6627634660421545 0.2015625 0.5644028103044496
5 0.53671875 0.06557377049180328 0.146875 0.1288056206088993