5 0.66796875 0.6677083333333333 0.0109375 0.041666666666666664
5 0.7171875 0.6541666666666667 0.0140625 0.05625
5 0.45390625 0.6677083333333333 0.0234375 0.0625
5 0.5703125 0.6572916666666667 0.0140625 0.052083333333333336
5 0.5453125 0.68125 0.0125 0.025
5 0.7953125 0.64375 0.0078125 0.035416666666666666
5 0.5671875 0.665625 0.015625 0.06041666666666667
5 0.63203125 0.665625 0.015625 0.04791666666666667
5 0.8671875 0.6166666666666667 0.0109375 0.027083333333333334
5 0.654375 0.66875 0.015625 0.041666666666666664
5 0.5015625 0.665625 0.0171875 0.05416666666666667
5 0.13828125 0.6739583333333333 0.015625 0.03125
5 0.6859375 0.6614583333333334 0.0171875 0.058333333333333334