5 0.6 0.8166666666666667 0.115625 0.36666666666666664
5 0.50390625 0.8472222222222222 0.0578125 0.29444444444444445
5 0.42109375 0.8625 0.0640625 0.26666666666666666
5 0.68046875 0.7041666666666667 0.0609375 0.16666666666666666
5 0.5296875 0.7736111111111111 0.0375 0.20833333333333334
5 0.959375 0.6736111111111112 0.08125 0.37222222222222223
5 0.7734375 0.6875 0.05 0.20833333333333334
5 0.84140625 0.7166666666666667 0.10625 0.35833333333333334
5 0.6265625 0.6833333333333333 0.0328125 0.11666666666666667
5 0.6046875 0.6777777777777778 0.03125 0.1111111111111111
5 0.73359375 0.6541666666666667 0.046875 0.18055555555555555