5 0.2125 0.6765625 0.33541666666666664 0.384375
5 0.13541666666666666 0.35703125 0.17291666666666666 0.084375
5 0.175 0.315625 0.06875 0.090625
5 0.209375 0.30234375 0.05625 0.054375
5 0.2864583333333333 0.328125 0.06666666666666667 0.0625
5 0.38645833333333335 0.30859375 0.06666666666666667 0.10625
5 0.6708333333333333 0.275 0.04583333333333333 0.128125
5 0.715625 0.30546875 0.06666666666666667 0.078125
5 0.915625 0.3265625 0.11875 0.2625
5 0.5895833333333333 0.31171875 0.03125 0.01875
5 0.3385416666666667 0.33203125 0.03333333333333333 0.0578125
5 0.2552083333333333 0.3453125 0.1 0.084375
5 0.5375 0.5654375 0.24583333333333332 0.490625