5 0.4078125 0.528235294117647 0.3921875 0.8258823529411765
5 0.06796875 0.5776470588235294 0.1328125 0.8235294117647058
5 0.26640625 0.29294117647058826 0.040625 0.07529411764705882
5 0.6203125 0.1976470588235294 0.0453125 0.04941176470588235
5 0.6609375 0.24352941176470588 0.059375 0.13411764705882354
5 0.7390625 0.36941176470588233 0.0875 0.36
5 0.75390625 0.1776470588235294 0.03125 0.05647058823529412
5 0.21171875 0.4523529411764707 0.084375 0.3952941176470588
5 0.55625 0.26 0.0703125 0.10352941176470588
5 0.7265625 0.20352941176470588 0.0375 0.1223529411764706
5 0.6265625 0.2635294117647059 0.0765625 0.09176470588235294
5 0.77734375 0.24352941176470588 0.0375 0.06823529411764706
5 0.0654375 0.17882352941176471 0.0421875 0.11529411764705882