5 0.2453125 0.5552083333333333 0.1296875 0.475
5 0.66328125 0.29791666666666666 0.0578125 0.09583333333333334
5 0.54375 0.5291666666666667 0.1390625 0.6583333333333333
5 0.4046875 0.6229166666666667 0.15625 0.51875
5 0.89453125 0.7 0.2109375 0.6
5 0.0011417234375 0.0014942062500000002 0.0002805171875 0.00117825625
5 0.6640625 0.665625 0.1375 0.6645833333333333
5 0.58046875 0.6479166666666667 0.1296875 0.6541666666666667
5 0.7109375 0.359583333333333 0.1375 0.2520833333333333
5 0.36171875 0.5364583333333334 0.15 0.56875
5 0.128125 0.6072916666666667 0.0921875 0.44375
5 0.5875 0.290625 0.0828125 0.08541666666666667