5 0.86875 0.5285171102661597 0.25625 0.9201520912547528
5 0.89296875 0.188212927756654 0.2140625 0.3650190114068441
5 0.4453125 0.5038022813688213 0.2625 0.8821292775665399
5 0.65078125 0.5038022813688213 0.2171875 0.9695817490494296
5 0.725 0.290874524715289 0.171875 0.5779467680608364
5 0.51953125 0.1806083650190114 0.246875 0.357414456692015
5 0.2125 0.1596958174904943 0.15 0.3155893536121673
5 0.29296875 0.5133079847908745 0.2421875 0.8935361216730038
5 0.12109375 0.5019011406844106 0.23125 0.9619771863117871
5 0.384375 0.15779467680608364 0.1125 0.30038022813688214
