5 0.96 0.5476190476190477 0.062 0.16071428571428573
5 0.723 0.7559523809523809 0.088 0.38392857142857145
5 0.436 0.7470238095238095 0.052 0.11607142857142858
5 0.398 0.6175595238095238 0.146 0.7351190476190477
5 0.114 0.7113095238095238 0.202 0.5476190476190477
5 0.584 0.7202380952380952 0.056 0.2708333333333333
5 0.813 0.561011904761905 0.052 0.07738095238095238
5 0.676 0.6369047619047619 0.04 0.08333333333333333
5 0.779 0.6011904761904762 0.032 0.07738095238095238
5 0.803 0.4955357142857143 0.078 0.16964285714285715
5 0.804 0.7916666666666666 0.082 0.38392857142857145
5 0.908 0.9315476190476191 0.184 0.1130952380952381
5 0.869 0.5967261904761905 0.03 0.0625