5 0.4566265060240964 0.5828125 0.1253012051927712 0.18125
5 0.5469879518072289 0.415625 0.04096385542168675 0.0421875
5 0.5963855421686747 0.42265625 0.05542168674698795 0.0578125
5 0.936144578313253 0.43359375 0.04096385542168675 0.0734375
5 0.3 0.43046875 0.0519277108433735 0.121875
5 0.6674698795180722 0.415625 0.03855421686746988 0.040625
5 0.9518072289156626 0.4140625 0.021686746987951807 0.0375
5 0.520519277108433 0.41875 0.0530120519277108 0.040625
5 0.6903614457831325 0.4109375 0.016867469879518072 0.054375
5 0.12891566265060242 0.5140625 0.14216867469879518 0.1546875
5 0.2120519277108433 0.44453125 0.043373493975903614 0.103125
5 0.03012051927710843 0.47109375 0.060240963855421686 0.2046875
5 0.8759036144578313 0.425 0.01205192771084338 0.0328125
