5 0.2921875 0.3875 0.08125 0.22916666666666666
5 0.46796875 0.522916666666667 0.0859375 0.1875
5 0.58203125 0.4947916666666667 0.09375 0.17291666666666666
5 0.70390625 0.5010416666666667 0.1046875 0.20416666666666666
5 0.91015625 0.509375 0.0953125 0.19583333333333333
5 0.80546875 0.5010416666666667 0.10625 0.17083333333333334
5 0.83828125 0.47291666666666665 0.0609375 0.14375
5 0.5125 0.45625 0.05625 0.15416666666666667
5 0.63359375 0.47291666666666665 0.0765625 0.12916666666666668
5 0.73671875 0.46458333333333335 0.05625 0.12916666666666668
5 0.53515625 0.1595833333333333 0.0171875 0.04583333333333333
