5 0.33125 0.15724381625441697 0.15 0.284452296819788
5 0.25625 0.27385159010600707 0.03125 0.05830388692579505
5 0.059375 0.29063604240282687 0.01875 0.0706713780918728
5 0.14375 0.2782685512367491 0.03125 0.044169611307420496
5 0.1734375 0.2712014134275618 0.0234375 0.04946996466431095
5 0.95859375 0.29858657243816256 0.0234375 0.02120141342756184
5 0.19375 0.28180212014134276 0.0203125 0.030035335689045935
5 0.11015625 0.28975265017667845 0.0125 0.053003533568904596
5 0.2375 0.28533568904593637 0.0140625 0.03180212014134275
5 0.11875 0.2968197879858657 0.009375 0.0636042402826855
5 0.27109375 0.28533568904593637 0.0171875 0.044169611307420496
5 0.10234375 0.286219081272085 0.0109375 0.030035335689045935
5 0.2154375 0.2720850565371024 0.04375 0.05653710247349823