5 0.3453125 0.475 0.2109375 0.49375
5 0.52109375 0.315625 0.0671875 0.0875
5 0.5796875 0.30833333333333335 0.0640625 0.1
5 0.6515625 0.30416666666666664 0.0609375 0.11041666666666666
5 0.8640625 0.2791666666666667 0.0671875 0.09791666666666667
5 0.8890625 0.17604166666666668 0.053125 0.09583333333333334
5 0.79375 0.303125 0.071875 0.12708333333333333
5 0.16875 0.36354166666666665 0.0703125 0.35
5 0.634375 0.2677083333333333 0.0421875 0.08333333333333333
5 0.67734375 0.23541666666666666 0.0546875 0.10833333333333334
5 0.73203125 0.26666666666666666 0.06875 0.09583333333333334
5 0.8359375 0.2 0.0453125 0.10833333333333334
5 0.2953125 0.24583333333333332 0.0765625 0.175