5 0.051 0.6861861861861862 0.102 0.35735735735735735
5 0.417 0.6231231231231231 0.1 0.29429429429429427
5 0.241 0.6336336336336337 0.102 0.3003003003003003
5 0.592 0.6216216216216216 0.064 0.25825825825825827
5 0.976 0.6096096096096096 0.046 0.23723723723723725
5 0.515 0.5465465465465466 0.02 0.03903903903903904
5 0.656 0.6171171171171171 0.096 0.26126126126126126
5 0.743 0.5975975975975976 0.078 0.2042042042042042
5 0.569 0.5795795795795796 0.024 0.10810810810810811
5 0.367 0.5345345345345346 0.01 0.024024024024024024
