5 0.49270833333333336 0.52890625 0.40208333333333335 0.825
5 0.7145833333333333 0.46796875 0.14166666666666666 0.178125
5 0.8520833333333333 0.45703125 0.13958333333333334 0.1890625
5 0.9208333333333333 0.35859375 0.10833333333333334 0.1375
5 0.7677083333333333 0.33203125 0.10625 0.1546875
5 0.81875 0.259375 0.07083333333333333 0.090625
5 0.6072916666666667 0.47421875 0.09375 0.175
5 0.7854166666666667 0.378125 0.10625 0.1171875
5 0.6416666666666667 0.33359375 0.12708333333333333 0.10625
5 0.759583333333333 0.21875 0.11875 0.1171875
5 0.96875 0.31640625 0.0625 0.15625
5 0.8541666666666666 0.21796875 0.05625 0.0765625
5 0.6385416666666667 0.39296875 0.08125 0.1140625