5 0.35703125 0.265807962529274 0.121875 0.2576112412177986
5 0.5671875 0.27634660421545665 0.10625 0.26697892271662765
5 0.63828125 0.24004683840749413 0.0453125 0.09601873536299765
5 0.32890625 0.2259953161592506 0.0421875 0.12646370023419204
5 0.5609375 0.24004683840749413 0.059375 0.1615925058550095
5 0.66875 0.19437939110070257 0.028125 0.07259953161592506
5 0.54765625 0.159250585500937 0.059375 0.13817330210772832
5 0.28671875 0.22131147540983606 0.0515625 0.1030444965711944
5 0.47109375 0.22716627634660422 0.0453125 0.1030444965711944
5 0.43203125 0.28454332552693207 0.0671875 0.23653395784543327
5 0.69375 0.22365339578454332 0.0421875 0.1288056206088993
5 0.1265625 0.18618266978922718 0.0375 0.11943793911007025
5 0.97109375 0.1920374707259953 0.0359375 0.07728337236533958
