5 0.503125 0.35046728971962615 0.0734375 0.13551401869158877
5 0.8296875 0.4591121495327103 0.0109375 0.02102803738317757
5 0.554375 0.5467289719626168 0.0046875 0.011682242990654205
5 0.54296875 0.5572429906542056 0.009375 0.03271028037383177
5 0.4984375 0.5619158878504673 0.00625 0.016355140186915886
5 0.15234375 0.7324766355140186 0.009375 0.028037383177570093
5 0.38828125 0.6004672897196262 0.0078125 0.0233645598130841
5 0.4046875 0.6285046728971962 0.00625 0.02102803738317757
5 0.16015625 0.7967289719626168 0.0125 0.02570093457943925
5 0.14765625 0.7897196261682243 0.0140625 0.030373831775700934
5 0.53203125 0.5619158878504673 0.0125 0.030373831775700934