5 0.42370892018779344 0.71796875 0.09859154929577464 0.159375
5 0.8826291079812206 0.75234375 0.17136150234741784 0.3203125
5 0.13849765258215962 0.65546875 0.03755868544600939 0.0546875
5 0.1819258262910797 0.65703125 0.023474178403755867 0.0359375
5 0.528169014084507 0.64453125 0.025821596244131457 0.0203125
5 0.10446009389671361 0.6546875 0.02112676056338028 0.034375
5 0.23943661971830985 0.6359375 0.02112676056338028 0.0234375
5 0.2605633802816901 0.63828125 0.02112676056338028 0.015625
5 0.32981220657276994 0.63515625 0.018779342723004695 0.015625
5 0.25586854460093894 0.66953125 0.06338028169014084 0.04375
5 0.5528169014084507 0.77109375 0.24178403755868544 0.2453125
5 0.2147887323943662 0.6546875 0.02112676056338028 0.0421875
5 0.28169014084507044 0.6359375 0.0164319258262911 0.0125