5 0.75 0.6082352941176471 0.2671875 0.5741176470588235
5 0.09375 0.4776470588235294 0.1609375 0.3411764705882353
5 0.6734375 0.4470588235294118 0.053125 0.2258823529411765
5 0.56953125 0.4117647058823529 0.184375 0.26588235294117646
5 0.45078125 0.4164705882352941 0.1140625 0.2211764705882353
5 0.621875 0.3835294117647059 0.053125 0.1623529411764706
5 0.22265625 0.3523529411764703 0.040625 0.058823529411764705
5 0.1859375 0.3788235294117647 0.05 0.10823529411764705
5 0.68125 0.5058823529411764 0.0515625 0.13176470588235295
5 0.41171875 0.5023529411764706 0.2390625 0.40705882352941175
5 0.2453125 0.7058823529411765 0.309375 0.5647058823529412
5 0.25078125 0.3976470588235294 0.0984375 0.11058823529411765
5 0.03046875 0.39176470588235296 0.0578125 0.10823529411764705
