5 0.4 0.3275538011695905 0.30625 0.4580896686159844
5 0.5171875 0.25925925925925924 0.1890625 0.2962962962962963
5 0.09375 0.252436647173593 0.065625 0.24951267056530213
5 0.178125 0.15886939571150097 0.0953125 0.13255360623781676
5 0.7625 0.145224171539961 0.0359375 0.07212475633528265
5 0.73671875 0.20955165692007796 0.0421875 0.16569200779727095
5 0.52578125 0.1608187134502924 0.05 0.042884990253411304
5 0.58046875 0.16861598440545808 0.0640625 0.09161793372319688
5 0.81796875 0.1432755380116958 0.03125 0.0799220272904534
5 0.196875 0.2553606237816764 0.0796875 0.2222222222222222
5 0.25859375 0.24074074074074073 0.059375 0.23586744639376217
5 0.07109375 0.15594541910331383 0.05625 0.11306042884990253
5 0.84609375 0.2505732943469787 0.0640625 0.24171539961013644
