5 0.5359375 0.203975953975953 0.01875 0.0502092050209205
5 0.5154375 0.215511715511716 0.054375 0.11297071129707113
5 0.65703125 0.24163179916317992 0.0375 0.14644351464435146
5 0.97421875 0.23430962343096234 0.0515625 0.117155117155117
5 0.46171875 0.2405857740585774 0.0390625 0.16527196652719664
5 0.67421875 0.24581589958158995 0.0359375 0.14644351464435146
5 0.534375 0.18828451882845187 0.0171875 0.01882845188284519
5 0.41171875 0.2604602510460251 0.034375 0.18828451882845187
5 0.62421875 0.25418410041841005 0.028125 0.13389121338912133
5 0.396875 0.26464435146443516 0.054375 0.1694560669456067
