5 0.47418244406196214 0.62421875 0.025817555938037865 0.05
5 0.499139415020654 0.63515625 0.03270223752151463 0.0703125
5 0.5636833046471601 0.63671875 0.037865757091222 0.0609375
5 0.5671256454388984 0.59375 0.0189328743545611 0.040625
5 0.9216867469879518 0.74453125 0.037865757091222 0.05
5 0.9802065404475043 0.72421875 0.037865757091222 0.06875
5 0.5197934595524957 0.59765625 0.02237521514629953 0.0578125
5 0.6015490533562823 0.59453125 0.024096385542168676 0.0546875
5 0.5877796901893287 0.58359375 0.020654044750430294 0.04375
5 0.624785537005164 0.62734375 0.03098106712564544 0.0359375
5 0.5258175559380379 0.57265625 0.01721170395869191 0.0515625
5 0.22461273666092943 0.4515625 0.008605851979345954 0.0125
5 0.9690189328743546 0.7015625 0.020654044750430294 0.0546875