5 0.25 0.532051282051282 0.425 0.8846153846153846
5 0.60078125 0.2676282051282051 0.1171875 0.45717957179573
5 0.4671875 0.36378205128205127 0.0828125 0.21474358974358973
5 0.521875 0.38461538461538464 0.0453125 0.20512820512820512
5 0.0390625 0.33974358974358976 0.046875 0.1891025641025641
5 0.38671875 0.3782051282051282 0.053125 0.169871795717958
5 0.7654375 0.40705128205128205 0.1171875 0.657051282051282
5 0.9654375 0.34775641025641024 0.0671875 0.342957179571795
5 0.91875 0.328525641025641 0.08125 0.34935897435897434
5 0.854375 0.32532051282051283 0.0828125 0.362179571795717
5 0.10625 0.4919871795717946 0.11875 0.38461538461538464
5 0.5421875 0.2932692307692308 0.0375 0.1346153846153846
5 0.69609375 0.3798076923076923 0.040625 0.217957179571795
