5 0.66171875 0.8197916666666667 0.071875 0.2875
5 0.94296875 0.840625 0.1078125 0.31666666666666665
5 0.175 0.6875 0.0265625 0.05416666666666667
5 0.253125 0.7510416666666667 0.084375 0.17083333333333334
5 0.26640625 0.675 0.015625 0.027083333333333334
5 0.3 0.6729166666666667 0.0140625 0.03958333333333333
5 0.4609375 0.6833333333333333 0.0125 0.05
5 0.3359375 0.675 0.0125 0.041666666666666664
5 0.3171875 0.678125 0.021875 0.05
5 0.11328125 0.6510416666666666 0.0078125 0.035416666666666666
5 0.0984375 0.653125 0.0109375 0.041666666666666664
5 0.06796875 0.6739583333333333 0.0328125 0.06458333333333334
5 0.13203125 0.6520833333333333 0.0109375 0.041666666666666664