5 0.6515625 0.6065573770491803 0.3171875 0.550093676814989
5 0.3953125 0.5807962529274004 0.11875 0.3359461358313816
5 0.371875 0.38524590163934425 0.0890625 0.250585500936768
5 0.746875 0.5257611241217799 0.1015625 0.45433255269320844
5 0.55078125 0.3805620608899297 0.0953125 0.18969555035128804
5 0.90078125 0.5772833723653396 0.103125 0.3231850117096019
5 0.23125 0.6861826697892272 0.2734375 0.3840749414519906
5 0.090625 0.5983606557377049 0.1796875 0.5526932084309133
5 0.46328125 0.4918032786885246 0.0984375 0.5009367681498827
5 0.95625 0.5011709601873536 0.0875 0.5009367681498827
5 0.609375 0.3359461358313816 0.0453125 0.11475409836065574
5 0.52890625 0.5784543325526932 0.1078125 0.33021077283372363
5 0.7078125 0.454777517564403 0.0421875 0.2903981264637002
