5 0.0005705328125 0.0012766986531986533 0.00032841875 0.0008136077441077441
5 0.771875 0.7037037037037037 0.10625 0.3400673400673401
5 0.840625 0.6473063973063973 0.06875 0.23232323232323232
5 0.5015625 0.7213804713804713 0.1078125 0.3400673400673401
5 0.60078125 0.7104377104377104 0.103125 0.3602693602693603
5 0.63671875 0.6085858585858586 0.0609375 0.1531986531986532
5 0.971875 0.75 0.05625 0.4208754208754209
5 0.740625 0.5774410774410774 0.03125 0.04713804713804714
5 0.89140625 0.7095959595959596 0.0859375 0.30808080808080807
5 0.4375 0.6069023569023569 0.0265625 0.06397306397306397
5 0.70859375 0.6287878787878788 0.054375 0.14646464646464646
5 0.4625 0.6127946127946128 0.0375 0.09259259259259259
5 0.940625 0.65151515151 0.0609375 0.21558215582155