5 0.76171875 0.5507075471698113 0.4765625 0.8891509433962265
5 0.2654375 0.5 0.5296875 1
5 0.559375 0.4410377358490566 0.1203125 0.1580188679245283
5 0.65390625 0.44575471698113206 0.115625 0.1650943396226415
5 0.615625 0.451132075471698 0.0546875 0.10613207547169812
5 0.41171875 0.4375 0.03125 0.054245283018867926
5 0.459375 0.4209905660377358 0.028125 0.04716981132075472
5 0.38984375 0.4268867924528302 0.040625 0.07783018867924528
5 0.55390625 0.4563679245283019 0.021875 0.03537735849056604
5 0.103125 0.21226415094339623 0.1015625 0.04716981132075472
5 0.58203125 0.45754716981132076 0.0265625 0.03537735849056604
5 0.7154375 0.47877358490566035 0.0390625 0.1179245283018868
5 0.5640625 0.4516509433962264 0.0359375 0.06839622641509434
