5 0.1109375 0.6510416666666666 0.0828125 0.2791666666666667
5 0.21953125 0.59375 0.021875 0.07708333333333334
5 0.68203125 0.6020833333333333 0.040625 0.09791666666666667
5 0.35078125 0.6020833333333333 0.021875 0.075
5 0.36640625 0.590625 0.0203125 0.09583333333333334
5 0.44765625 0.5875 0.0171875 0.04375
5 0.6421875 0.5885416666666666 0.0140625 0.04583333333333333
5 0.5171875 0.5989583333333334 0.0203125 0.1125
5 0.53125 0.5927083333333333 0.01875 0.07708333333333334
5 0.50625 0.615625 0.0359375 0.11666666666666667
5 0.71796875 0.609375 0.0359375 0.125
5 0.7796875 0.5927083333333333 0.0203125 0.08125
5 0.32890625 0.60625 0.0109375 0.04375
