5 0.13203125 0.7709251101321586 0.159375 0.2643171806167401
5 0.2734375 0.7698237885462555 0.1375 0.2577092511013216
5 0.746875 0.723568281938326 0.0859375 0.2092511013215859
5 0.37265625 0.5616740088105727 0.1046875 0.3303964757709251
5 0.4515625 0.5462555066079295 0.0890625 0.3458149779735683
5 0.5234375 0.5594713656387665 0.078125 0.28854625550660795
5 0.8328125 0.5837004405286343 0.06875 0.2335017621145375
5 0.57109375 0.7158590308370044 0.078125 0.2335017621145375
5 0.56171875 0.6629955947136564 0.1125 0.22466960352422907
5 0.28125 0.538546255506608 0.08125 0.30837004405286345
5 0.58125 0.5187224669603524 0.05625 0.20044052863436124
5 0.7296875 0.5693832599118943 0.0890625 0.32599118942731276
5 0.040625 0.538546255506608 0.0578125 0.2070545814977973