5 0.703125 0.3958333333333333 0.071875 0.24375
5 0.42890625 0.29270833333333335 0.059375 0.07708333333333334
5 0.30390625 0.5854166666666667 0.28125 0.7208333333333333
5 0.046875 0.4791666666666667 0.09375 0.4166666666666667
5 0.37265625 0.28541666666666665 0.0328125 0.09375
5 0.40625 0.2875 0.0359375 0.08125
5 0.6921875 0.25729166666666664 0.0328125 0.09791666666666667
5 0.84296875 0.2375 0.0203125 0.07291666666666667
5 0.88359375 0.24270833333333333 0.01875 0.075
5 0.85703125 0.23229166666666667 0.0140625 0.07708333333333334
5 0.79375 0.240625 0.0265625 0.06875
5 0.2765625 0.2833333333333333 0.028125 0.06041666666666667
5 0.30234375 0.3177083333333333 0.0609375 0.10833333333333334