5 0.103125 0.6381733021077284 0.05625 0.26229508196721313
5 0.875 0.629976580796253 0.0625 0.2903981264637002
5 0.8203125 0.6182669789227166 0.0578125 0.2693208430913349
5 0.51640625 0.45901639344262296 0.04375 0.09836065573770492
5 0.3421875 0.5796252927400468 0.0140625 0.03278688524590164
5 0.69921875 0.6182669789227166 0.034375 0.18266978922716628
5 0.5953125 0.4566744730679157 0.0625 0.1241217798595478
5 0.19296875 0.6112412177985949 0.0125 0.08196721311475409
5 0.3154375 0.5831381733021077 0.009375 0.03747072599531616
5 0.2154375 0.603044496571194 0.0078125 0.06791569086651054
5 0.01640625 0.59547775175644 0.025 0.06088992974238876
