5 0.6545667447306791 0.5328125 0.6018735362997658 0.5890625
5 0.94965711943794 0.49765625 0.0913359461358314 0.1171875
5 0.9414519906323185 0.4109375 0.09836065573770492 0.0765625
5 0.8466042154566745 0.42265625 0.1335946135831383 0.1140625
5 0.5374707259953162 0.42109375 0.08196721311475409 0.0765625
5 0.40749414519906324 0.41953125 0.16627634660421545 0.0703125
5 0.28688524590163933 0.53984375 0.1358313817330211 0.10625
5 0.28688524590163933 0.6046875 0.1335946135831383 0.1046875
5 0.4672131147540984 0.62421875 0.16627634660421545 0.065625
5 0.8992974238875878 0.5154375 0.112412177985955 0.128125
5 0.10772833723653395 0.6046875 0.152225243559719 0.1015625
5 0.16510538641686182 0.55078125 0.12646370023419204 0.0984375
5 0.7576112412177985 0.19609375 0.07962529274004684 0.0796875
