5 0.221 0.797583081570997 0.046 0.15709969788519637
5 0.655 0.702416918429003 0.018 0.0785498594259819
5 0.293 0.7764350453172205 0.032 0.16012084592145015
5 0.844 0.8006042296072508 0.05 0.17522658610271905
5 0.147 0.802115036253777 0.05 0.1903323262839879
5 0.624 0.7930513595166163 0.056 0.1842900302115035
5 0.11 0.7885196374622356 0.042 0.16314199395770393
5 0.376 0.7673716012084593 0.036 0.1503625377643503
5 0.743 0.783987915407855 0.032 0.1661631419939577
5 0.598 0.7250755287009063 0.032 0.09063444108761329
5 0.606 0.7809667673716012 0.02 0.1661631419939577
5 0.88 0.797583081570997 0.052 0.16012084592145015
5 0.717 0.783987915407855 0.038 0.18126888217522658