5 0.79375 0.446875 0.00625 0.027083333333333334
5 0.475 0.4552083333333333 0.08125 0.25
5 0.65234375 0.471875 0.0171875 0.03125
5 0.57890625 0.5041666666666667 0.028125 0.075
5 0.6421875 0.49166666666666664 0.0171875 0.05625
5 0.83203125 0.4354166666666667 0.0125 0.03333333333333333
5 0.78046875 0.45 0.009375 0.025
5 0.42890625 0.5239583333333333 0.0125 0.04583333333333333
5 0.62890625 0.4395833333333333 0.0109375 0.041666666666666664
5 0.5375 0.49166666666666664 0.009375 0.027083333333333334
5 0.8046875 0.4375 0.0109375 0.022916666666666665
