5 0.10078125 0.40625 0.0609375 0.30416666666666664
5 0.96328125 0.4791666666666667 0.0734375 0.45416666666666666
5 0.43984375 0.31979166666666664 0.034375 0.11041666666666666
5 0.5640625 0.27291666666666664 0.0140625 0.029166666666666667
5 0.584375 0.27708333333333335 0.009375 0.022916666666666665
5 0.60859375 0.28229166666666666 0.0140625 0.020833333333333332
5 0.6328125 0.27708333333333335 0.0140625 0.01875
5 0.554375 0.2760416666666667 0.0109375 0.01875
5 0.69140625 0.5447916666666667 0.209375 0.5020833333333333
5 0.03359375 0.4 0.0671875 0.33541666666666664
