5 0.69140625 0.6514084507042254 0.1375 0.6971830985915493
5 0.22109375 0.5950704225352113 0.1109375 0.5492957746478874
5 0.74296875 0.35563380281690143 0.0875 0.164319258262911
5 0.75546875 0.26173708920187794 0.121875 0.1953568075117372
5 0.58125 0.1607981220657277 0.0640625 0.3215962441314554
5 0.8359375 0.06103286384976526 0.0890625 0.11971830985915492
5 0.49921875 0.6126760563380281 0.171875 0.676056338028169
5 0.63203125 0.16314553990610328 0.059375 0.323943661971831
5 0.43203125 0.25704225352112675 0.0859375 0.13849765258215962
5 0.20703125 0.2640845070422535 0.0640625 0.14084507042253522
5 0.125 0.266431925826291 0.0921875 0.12206572769953052
5 0.36328125 0.2711267605633803 0.06875 0.10328638497652583
5 0.89609375 0.254695356807512 0.115625 0.1995305164319258