5 0.14296875 0.7526041666666666 0.0375 0.1875
5 0.209375 0.6536458333333334 0.0234375 0.15104166666666666
5 0.96171875 0.8151041666666666 0.0359375 0.2265625
5 0.684375 0.5260416666666666 0.0265625 0.08333333333333333
5 0.8328125 0.3606770833333333 0.0203125 0.057291666666666664
5 0.04921875 0.69140625 0.0359375 0.1328125
5 0.3296875 0.6393229166666666 0.0234375 0.11979166666666667
5 0.6015625 0.3502604166666667 0.01875 0.07552083333333333
5 0.05859375 0.7278645833333334 0.0171875 0.11197916666666667
5 0.040625 0.76171875 0.0234375 0.15104166666666666
5 0.58125 0.3580729166666667 0.009375 0.049479166666666664
5 0.8578125 0.56640625 0.0109375 0.0390625
5 0.540625 0.5677083333333334 0.00625 0.010416666666666666
