5 0.42890625 0.5608899297423887 0.1546875 0.25995316159250587
5 0.2296875 0.3594613583138173 0.071875 0.4379391100702576
5 0.28359375 0.265807962529274 0.05 0.234192037470726
5 0.52578125 0.3103044496571196 0.059375 0.0843091335946135
5 0.31328125 0.2693208430913349 0.0359375 0.20608899297423888
5 0.3390625 0.275175644028103 0.0375 0.2201405152225243
5 0.55234375 0.3711943793911007 0.0984375 0.152225243559719
5 0.525 0.297423887587822 0.034375 0.0702576112412178
5 0.75703125 0.3255269320843091 0.0953125 0.09601873536299765
5 0.15234375 0.30562060889929743 0.0796875 0.112412177985955
5 0.43671875 0.2939110070257611 0.040625 0.0843091335946135
5 0.5859375 0.2728337236533958 0.059375 0.0702576112412178
5 0.56171875 0.5163934426229508 0.1390625 0.22716627634660422