5 0.6390625 0.888235294117647 0.1015625 0.2235294117647059
5 0.7796875 0.8658823529411764 0.1171875 0.26588235294117646
5 0.70859375 0.8411764705882353 0.0390625 0.15764705882352942
5 0.975 0.8329411764705882 0.05 0.26588235294117646
5 0.23515625 0.8 0.00625 0.023529411764705882
5 0.2359375 0.8694117647058823 0.0140625 0.07294117647058823
5 0.15703125 0.8647058823529412 0.0296875 0.06352941176470588
5 0.6640625 0.7364705882352941 0.0171875 0.02823529411764706
5 0.28046875 0.8470588235294118 0.0125 0.05647058823529412
5 0.18515625 0.8458823529411764 0.0078125 0.03529411764705882
5 0.0140625 0.86 0.025 0.07058823529411765
5 0.3154375 0.8588235294117647 0.0234375 0.08
5 0.2890625 0.8458823529411764 0.0109375 0.058823529411764705
