5 0.6703125 0.7222222222222222 0.0421875 0.2222222222222222
5 0.76875 0.6722222222222223 0.034375 0.14722222222222223
5 0.8154375 0.7013888888888888 0.0578125 0.16666666666666666
5 0.88046875 0.6847222222222222 0.0234375 0.10833333333333334
5 0.903125 0.6388888888888888 0.021875 0.05277777777777778
5 0.9390625 0.6513888888888889 0.0265625 0.09722222222222222
5 0.87890625 0.6194444444444445 0.015625 0.030555555555555555
5 0.63515625 0.6444444444444445 0.009375 0.03333333333333333
5 0.6078125 0.6430555555555556 0.0046875 0.030555555555555555
5 0.60078125 0.6430555555555556 0.0078125 0.03611111111111111
5 0.62890625 0.6416666666666667 0.0078125 0.03333333333333333
5 0.6125 0.6430555555555556 0.009375 0.03333333333333333
