5 0.85729792147806 0.36953125 0.08314087759815242 0.146875
5 0.6812933025404158 0.3765625 0.04387990762124711 0.1515625
5 0.5242494226327945 0.35078125 0.04387990762124711 0.0859375
5 0.049653579676674366 0.36796875 0.057736720554272515 0.13125
5 0.75635103926097 0.3765625 0.06004618937644342 0.1453125
5 0.3972286374133949 0.34453125 0.04387990762124711 0.05625
5 0.3187066974595843 0.33515625 0.016166281755196306 0.04375
5 0.49191685912240185 0.34765625 0.03695150115473441 0.08125
5 0.017321016166281754 0.37421875 0.03464203233256351 0.140625
5 0.33140877598152424 0.33671875 0.020785219399538105 0.054375
