5 0.576 0.2655367231638418 0.014 0.059322033898305086
5 0.212 0.3898305084745763 0.014 0.0819209039550225
5 0.889 0.655367231638418 0.018 0.050225988700565
5 0.062 0.530508474576271 0.02 0.07909604519774012
5 0.27 0.5056497175141242 0.026 0.07344632768361582
5 0.172 0.5169491525423728 0.018 0.05649717514124294
5 0.232 0.4632768361581921 0.014 0.0423728813559322
5 0.683 0.8926553672316384 0.026 0.096045197740113
5 0.685 0.8375706214689266 0.036 0.05084745762711865
5 0.428 0.2740112994350282 0.02 0.05084745762711865
5 0.827 0.799435028255876 0.024 0.07344632768361582
5 0.95 0.4957627118644068 0.01 0.0423728813559322
5 0.816 0.895502259887006 0.036 0.07344632768361582