5 0.32109375 0.31690140845070425 0.309375 0.5751173708920188
5 0.5953125 0.5011737089201878 0.0546875 0.3215962441314554
5 0.63515625 0.5117370892018779 0.0515625 0.3028169014084507
5 0.725 0.5082159624413145 0.071875 0.30985915492957744
5 0.8154375 0.5117370892018779 0.1109375 0.4342723004695356
5 0.2140625 0.5117370892018779 0.075 0.31220657276995306
5 0.3734375 0.47417840375586856 0.03125 0.07042253521126761
5 0.30078125 0.543427230046954 0.0625 0.21830985915492956
5 0.41171875 0.47183098591549294 0.0265625 0.09389671361502347
5 0.040625 0.5082159624413145 0.05 0.31690140845070425
