5 0.13924050632911392 0.20859375 0.055379746835443035 0.1140625
5 0.15031645569620253 0.22734375 0.04113924050632911 0.078125
5 0.09098101265822785 0.3375 0.07911392405063292 0.1046875
5 0.21360759493670886 0.340625 0.07753164556962025 0.08125
5 0.509493670886076 0.43515625 0.0759493670886076 0.1234375
5 0.4161392405063291 0.38203125 0.0680379746835443 0.090625
5 0.3987341772151899 0.3515625 0.06329113924050633 0.1
5 0.3765822785101267 0.30703125 0.07120253164556962 0.1078125
5 0.3662974683544304 0.26328125 0.0657341772151899 0.0875
5 0.43037974683544306 0.54140625 0.0822785101265822 0.09375
5 0.44699367088607594 0.446875 0.06645569620253164 0.1328125
5 0.16772151898734178 0.4296875 0.08069620253164557 0.078125
5 0.553006329113924 0.5515625 0.439873417721519 0.753125