5 0.256 0.625 0.14133333333333334 0.31
5 0.46266666666666667 0.255 0.08266666666666667 0.16
5 0.32666666666666666 0.568 0.072 0.188
5 0.38266666666666665 0.552 0.04 0.086
5 0.9173333333333333 0.601 0.029333333333333333 0.05
5 0.43866666666666665 0.217 0.042666666666666665 0.066
5 0.6906666666666667 0.289 0.15466666666666667 0.134
5 0.7093333333333334 0.258 0.04 0.06
5 0.916 0.592 0.024 0.064
5 0.596 0.246 0.04533333333333334 0.06
5 0.5413333333333333 0.278 0.088 0.122
5 0.42 0.535 0.042666666666666665 0.056
5 0.384 0.497 0.034666666666666665 0.028
