5 0.45703125 0.550351288056206 0.328125 0.6885245901639344
5 0.71796875 0.449657119437939 0.03125 0.06088992974238876
5 0.878125 0.4918032786885246 0.0359375 0.1030444965711944
5 0.98515625 0.5011709601873536 0.0296875 0.0913359461358314
5 0.71328125 0.582903981264637 0.071875 0.2084309133594615
5 0.9515625 0.49063231850117095 0.05 0.1030444965711944
5 0.80546875 0.4601873536299766 0.0171875 0.0444965711943794
5 0.8171875 0.45901639344262296 0.0109375 0.03981264637002342
5 0.9046875 0.47306791569086654 0.0125 0.02576112412177986
5 0.83984375 0.4707259953161593 0.0234375 0.0281030444965712
5 0.93515625 0.4707259953161593 0.0234375 0.04215456674473068
5 0.9154375 0.47423887587822017 0.0078125 0.02107728337236534
