5 0.7962962962962963 0.8671875 0.15020576131687244 0.2046875
5 0.668724279835391 0.3828125 0.20781893004115226 0.2171875
5 0.4053497942386831 0.19765625 0.05555555555555555 0.11875
5 0.795267597119342 0.11953125 0.053497942386831275 0.10625
5 0.1831275720164609 0.7125 0.06378600823045268 0.078125
5 0.39197530864197533 0.6546875 0.04938271604938271 0.0515625
5 0.7942386831275721 0.61171875 0.051440329218107 0.10625
5 0.23765432098765432 0.634375 0.043209876543209874 0.096875
5 0.9567901234567902 0.6015625 0.04938271604938271 0.128125
5 0.0329218106995885 0.63828125 0.05761316872427984 0.1125
5 0.9629629629629629 0.09765625 0.0452675971193416 0.109375
5 0.8775720164609053 0.10546875 0.041152263374556 0.09375
5 0.45164609053497945 0.346875 0.12345679012345678 0.31875
