5 0.5203125 0.5960187353629977 0.115625 0.468384074941452
5 0.44609375 0.594613583138173 0.0421875 0.13114754098360656
5 0.3390625 0.594613583138173 0.040625 0.14285714285714285
5 0.4154375 0.4929742388758782 0.0234375 0.1288056206088993
5 0.3875 0.5711943793911006 0.0328125 0.1053864168618267
5 0.759375 0.43911007025761123 0.015625 0.02107728337236534
5 0.65703125 0.44730679156908665 0.01875 0.0304449657119438
5 0.43828125 0.5105386416861827 0.028125 0.08196721311475409
5 0.9375 0.4402810304449656 0.0453125 0.06323185011709602
5 0.6875 0.430913359461358 0.0171875 0.0281030444965712
5 0.35234375 0.4519906323185012 0.0140625 0.05620608899297424
5 0.3578125 0.49765807962529274 0.0234375 0.09601873536299765
