5 0.46875 0.7041666666666667 0.18125 0.5604166666666667
5 0.384375 0.51875 0.0296875 0.1375
5 0.64296875 0.5385416666666667 0.0671875 0.14166666666666666
5 0.22890625 0.528125 0.0390625 0.09166666666666666
5 0.575 0.5291666666666667 0.03125 0.11875
5 0.36015625 0.53125 0.028125 0.09166666666666666
5 0.4078125 0.5114583333333333 0.0265625 0.11041666666666666
5 0.59765625 0.5322916666666667 0.0296875 0.09791666666666667
5 0.1578125 0.54375 0.0359375 0.09375
5 0.0046875 0.515625 0.0078125 0.10208333333333333
5 0.05546875 0.5239583333333333 0.03125 0.13958333333333334
5 0.1265625 0.521875 0.04375 0.11875
5 0.02890625 0.5333333333333333 0.0453125 0.17916666666666667
