5 0.466 0.28647686832740216 0.02 0.16725978647686832
5 0.494 0.3167259786476868 0.068 0.1530249110320285
5 0.567 0.3540925266903915 0.046 0.12811387900355872
5 0.545 0.3113879003558719 0.04 0.17437722419928825
5 0.866 0.3274021352313167 0.078 0.10676156583629894
5 0.83 0.3540925266903915 0.052 0.09252669039145907
5 0.762 0.26868327402135234 0.05 0.1103202846975089
5 0.708 0.3416370106761566 0.06 0.10320284697508897
5 0.64 0.33807829181494664 0.066 0.1103202846975089
5 0.794 0.3167259786476868 0.068 0.16014235754454
5 0.854 0.304270462633452 0.02 0.046263345195729534
5 0.76 0.3291814946619217 0.046 0.12811387900355872
5 0.542 0.26868327402135234 0.064 0.1387900355871886