5 0.5166666666666667 0.3546875 0.03125 0.0984375
5 0.421875 0.36171875 0.05416666666666667 0.109375
5 0.3854166666666667 0.34453125 0.04791666666666667 0.0921875
5 0.3958333333333333 0.33203125 0.03333333333333333 0.0984375
5 0.346875 0.354375 0.04791666666666667 0.1
5 0.6770833333333334 0.3734375 0.058333333333333334 0.11875
5 0.5645833333333333 0.340625 0.0125 0.0390625
5 0.44375 0.346875 0.0625 0.1125
5 0.09270833333333334 0.296875 0.03333333333333333 0.0296875
5 0.03958333333333333 0.3140625 0.029166666666666667 0.05
5 0.6260416666666667 0.37421875 0.04375 0.11875
5 0.5552083333333333 0.36953125 0.0625 0.109375