5 0.571875 0.6833333333333333 0.0984375 0.4976190476190476
5 0.28984375 0.7071428571428572 0.2046875 0.580952380952381
5 0.17890625 0.7214285714285714 0.215625 0.5452380952380952
5 0.715625 0.6726190476190477 0.15 0.44761904761904764
5 0.559375 0.6702380952380952 0.078125 0.4976190476190476
5 0.39921875 0.6678571428571428 0.1140625 0.4976190476190476
5 0.64453125 0.6904761904761905 0.0828125 0.45
5 0.93125 0.594047619047619 0.1359375 0.654761904761905
5 0.23046875 0.6535714285714286 0.0515625 0.1761904761904762
5 0.8154375 0.6714285714285714 0.1984375 0.36666666666666664
