5 0.059375 0.153125 0.0515625 0.15833333333333333
5 0.2171875 0.10520833333333333 0.0578125 0.17083333333333334
5 0.15703125 0.25 0.0609375 0.24166666666666667
5 0.2734375 0.13125 0.0703125 0.17083333333333334
5 0.1125 0.26979166666666665 0.071875 0.24375
5 0.5703125 0.18541666666666667 0.040625 0.08125
5 0.6015625 0.17604166666666668 0.0390625 0.09166666666666666
5 0.40546875 0.20208333333333334 0.053125 0.0875
5 0.30078125 0.16979166666666667 0.03125 0.08541666666666667
5 0.6296875 0.2520833333333333 0.046875 0.17708333333333334
5 0.7953125 0.28125 0.0296875 0.1125
5 0.34140625 0.15833333333333333 0.0515625 0.10625
5 0.39375 0.159375 0.0375 0.05
