5 0.53671875 0.859461358313818 0.040625 0.1686182669789227
5 0.5875 0.8559718969555035 0.0453125 0.1615925058550095
5 0.90625 0.4929742388758782 0.015625 0.01873536299765808
5 0.925 0.49882903981264637 0.0078125 0.0117096018735363
5 0.8046875 0.53161592505855 0.0046875 0.01639344262295082
5 0.9765625 0.514051522252436 0.0046875 0.01873536299765808
5 0.91328125 0.49765807962529274 0.0046875 0.02107728337236534
5 0.89140625 0.5421545667447307 0.0046875 0.0140515222524356
5 0.9640625 0.5163934426229508 0.0109375 0.0140515222524356
5 0.8796875 0.5468384074941453 0.0046875 0.0140515222524356
5 0.26953125 0.6053864168618267 0.00625 0.00936768149882904
5 0.125 0.584309133594613 0.0109375 0.04215456674473068
5 0.13828125 0.615925058550094 0.00625 0.0140515222524356