5 0.571875 0.55625 0.1234375 0.5333333333333333
5 0.25234375 0.41354166666666664 0.0640625 0.11875
5 0.0765625 0.6427083333333333 0.153125 0.6875
5 0.7640625 0.38645833333333335 0.09375 0.15833333333333333
5 0.93671875 0.39895833333333336 0.059375 0.19166666666666668
5 0.6671875 0.4666666666666667 0.0765625 0.2833333333333333
5 0.85078125 0.3958333333333333 0.054375 0.16458333333333333
5 0.45390625 0.37395833333333334 0.025 0.06041666666666667
5 0.696875 0.45729166666666665 0.046875 0.2791666666666667
5 0.23515625 0.61875 0.1609375 0.575
5 0.3359375 0.5583333333333333 0.1078125 0.4041666666666667
5 0.88046875 0.3333333333333333 0.0390625 0.06666666666666667
5 0.52421875 0.44166666666666665 0.0359375 0.2916666666666667
