5 0.1453125 0.7552083333333334 0.184375 0.39791666666666664
5 0.28515625 0.595833333333333 0.115625 0.19791666666666666
5 0.3609375 0.503125 0.065625 0.16458333333333333
5 0.4203125 0.4791666666666667 0.0828125 0.24583333333333332
5 0.084375 0.359583333333333 0.0625 0.12291666666666666
5 0.16953125 0.325 0.0578125 0.07708333333333334
5 0.4546875 0.31145833333333334 0.054375 0.10416666666666667
5 0.796875 0.35520833333333335 0.046875 0.10833333333333334
5 0.6984375 0.33541666666666664 0.04375 0.07083333333333333
5 0.059375 0.14583333333333334 0.0296875 0.05625
5 0.7109375 0.296875 0.0421875 0.07708333333333334
5 0.62890625 0.25729166666666664 0.04375 0.07916666666666666
5 0.496875 0.23333333333333334 0.0515625 0.08541666666666667