5 0.84296875 0.5562060889929742 0.0890625 0.26697892271662765
5 0.85859375 0.40515222524356 0.0421875 0.08899297423887588
5 0.72265625 0.38992974238875877 0.0171875 0.07494145199063232
5 0.75 0.36416861826697894 0.025 0.0351288056206089
5 0.634375 0.32669789227166274 0.0140625 0.02576112412177986
5 0.2453125 0.3477751756440281 0.009375 0.01873536299765808
5 0.35703125 0.37822014051522246 0.0140625 0.05620608899297424
5 0.96171875 0.3185011709601874 0.021875 0.058550093676815
5 0.74140625 0.25526932084309134 0.0171875 0.0304449657119438
5 0.7640625 0.24004683840749413 0.01875 0.03747072599531616
5 0.46328125 0.16276346604215455 0.0078125 0.02576112412177986
5 0.44296875 0.16510538641686182 0.009375 0.0304449657119438
5 0.265625 0.16276346604215455 0.0078125 0.0281030444965712