5 0.9734375 0.5974477958236659 0.0421875 0.18329466357308585
5 0.92109375 0.5916473317865429 0.040625 0.1856154918793503
5 0.96015625 0.5835266821345708 0.0359375 0.1959559164733178
5 0.84609375 0.5556844547563805 0.0296875 0.16473317865429235
5 0.4453125 0.3062645011600928 0.0265625 0.0951276102088167
5 0.98359375 0.5069605568445475 0.0140625 0.04408352668213457
5 0.63828125 0.2935035027842227 0.0171875 0.05723897911832945
5 0.475 0.3062645011600928 0.015625 0.0951276102088167
5 0.575 0.27262180974477956 0.0203125 0.05104408352668213
5 0.58671875 0.2935035027842227 0.0265625 0.08120649651972157
5 0.39296875 0.31206496519721577 0.0203125 0.08120649651972157