5 0.509375 0.4535680751173707 0.153125 0.25586854460093894
5 0.74921875 0.6279342723004695 0.284375 0.7206572769953051
5 0.23515625 0.25 0.0875 0.36384976525821594
5 0.0703125 0.7793427230046949 0.140625 0.41784037558685444
5 0.653125 0.3615023474178404 0.0703125 0.1807511737089202
5 0.454375 0.176056338028169 0.0515625 0.12910798122065728
5 0.5578125 0.300469535680751 0.0859375 0.427230046953568
5 0.3203125 0.2476525821596244 0.065625 0.2652582159624413
5 0.38828125 0.24178403755868544 0.071875 0.2582629107981222
5 0.70390625 0.2711267605633803 0.0328125 0.05868544600938967
5 0.55390625 0.7535211267605634 0.3515625 0.49295774647887325
5 0.8359375 0.3814553990610329 0.1234375 0.24413145539906103
5 0.0640625 0.3086854460093897 0.125 0.3380281690140845
