5 0.156 0.68 0.142 0.64
5 0.303 0.47733333333333333 0.06 0.19733333333333333
5 0.186 0.42133333333333334 0.022 0.10133333333333333
5 0.971 0.416 0.032 0.09866666666666667
5 0.949 0.4186666666666667 0.02 0.08266666666666667
5 0.901 0.41733333333333333 0.046 0.07466666666666667
5 0.841 0.404 0.03 0.08266666666666667
5 0.789 0.408 0.03 0.058666666666666666
5 0.356 0.4053333333333333 0.022 0.06666666666666667
5 0.211 0.4 0.028 0.056
5 0.43 0.39866666666666667 0.024 0.056
5 0.324 0.4 0.028 0.034666666666666665
5 0.279 0.44 0.02 0.12533333333333332
