5 0.228125 0.55078125 0.434375 0.751953125
5 0.825 0.7158203125 0.35 0.458984375
5 0.67265625 0.234375 0.146875 0.208984375
5 0.64921875 0.1083984375 0.0796875 0.154296875
5 0.57109375 0.1953125 0.08125 0.177734375
5 0.54140625 0.2607421875 0.1140625 0.15234375
5 0.440625 0.1923828125 0.128125 0.1953125
5 0.51015625 0.0927734375 0.1265625 0.177734375
5 0.65703125 0.077154375 0.1453125 0.150390625
5 0.92265625 0.205078125 0.1375 0.177734375
5 0.04609375 0.2275390625 0.0921875 0.40234375
5 0.03046875 0.240234375 0.0609375 0.267578125
5 0.73515625 0.36328125 0.2203125 0.333984375