5 0.0375 0.512646370023419 0.075 0.39344262295081966
5 0.25 0.4238875878220141 0.053125 0.07962529274004684
5 0.21875 0.43559718969555034 0.0359375 0.0515222524355972
5 0.75234375 0.38875878220140514 0.0546875 0.1288056206088993
5 0.725 0.36885245901639346 0.0796875 0.16393442622950818
5 0.6796875 0.3700234192037471 0.0515625 0.112412177985955
5 0.62890625 0.32903981264637 0.034375 0.08196721311475409
5 0.854375 0.3875878220140515 0.065625 0.15456674473067916
5 0.94453125 0.4098360655737705 0.075 0.14285714285714285
5 0.5796875 0.45433255269320844 0.296875 0.6346604215456675
5 0.81640625 0.382903981264637 0.084375 0.15456674473067916
5 0.14453125 0.413359461358314 0.103125 0.25526932084309134
5 0.98046875 0.4098360655737705 0.0390625 0.14754098360655737