5 0.87109375 0.800469535680751 0.0765625 0.38967136150234744
5 0.8078125 0.7981220657276995 0.05 0.40375586854460094
5 0.154375 0.7535211267605634 0.0078125 0.05164319258262914
5 0.1984375 0.7511737089201878 0.0046875 0.023474178403755867
5 0.5859375 0.6995305164319249 0.003125 0.023474178403755867
5 0.16328125 0.7535211267605634 0.0046875 0.04695356807511735
5 0.97734375 0.7253521126760564 0.015625 0.13615023474178403
5 0.234375 0.7464788732394366 0.0046875 0.028169014084507043
5 0.225 0.744131455399061 0.0046875 0.018779342723004695
5 0.9875 0.7323943661971831 0.025 0.3333333333333333
5 0.20859375 0.7535211267605634 0.0015625 0.018779342723004695
5 0.94140625 0.819258262910798 0.075 0.3615023474178404