5 0.734375 0.8032786885245902 0.0046875 0.0117096018735363
5 0.74453125 0.804449657119438 0.003125 0.00936768149882904
5 0.6859375 0.798595477751756 0.0046875 0.00702576112412178
5 0.7015625 0.797423887587822 0.0046875 0.00936768149882904
5 0.6953125 0.7997658079625293 0.003125 0.00468384074941452
5 0.76640625 0.804449657119438 0.0046875 0.01873536299765808
5 0.52734375 0.7927400468384075 0.0046875 0.00702576112412178
5 0.14375 0.7845433255269321 0.00625 0.00702576112412178
5 0.03515625 0.7845433255269321 0.0046875 0.0117096018735363
5 0.709375 0.7997658079625293 0.003125 0.00468384074941452
5 0.59140625 0.7927400468384075 0.00625 0.00702576112412178