5 0.65 0.4274004683840749 0.0328125 0.04215456674473068
5 0.3154375 0.37236533957845436 0.0390625 0.09601873536299765
5 0.55546875 0.37822014051522246 0.0453125 0.1030444965711944
5 0.5828125 0.38524590163934425 0.0390625 0.112412177985955
5 0.596875 0.3629976580796253 0.028125 0.0913359461358314
5 0.62578125 0.3875878220140515 0.040625 0.08899297423887588
5 0.65625 0.39344262295081966 0.034375 0.10772833723653395
5 0.68828125 0.3711943793911007 0.0375 0.06088992974238876
5 0.728125 0.38992974238875877 0.0234375 0.07259953161592506
5 0.7515625 0.3911007025761124 0.028125 0.112412177985955
5 0.19609375 0.413359461358314 0.0515625 0.06791569086651054
5 0.07578125 0.4121779859547777 0.053125 0.0702576112412178
5 0.55546875 0.42271662763466045 0.0515625 0.04918032786885246