5 0.49296875 0.6756440281030445 0.1671875 0.5901639344262295
5 0.001336315625 0.0016329555035128806 0.00017839374999999998 0.0014179320843091335
5 0.6654375 0.741217798595478 0.153125 0.496571194379391
5 0.69296875 0.20374707259953162 0.065625 0.140515222524356
5 0.5125 0.22716627634660422 0.0625 0.112412177985955
5 0.43125 0.19086651053864168 0.115625 0.15456674473067916
5 0.30859375 0.18618266978922718 0.075 0.15690866510538642
5 0.2390625 0.2154566744730679 0.0671875 0.1030444965711944
5 0.559375 0.2306791569086651 0.0703125 0.1053864168618267
5 0.96796875 0.15339578454332553 0.0640625 0.11943793911007025
5 0.94296875 0.5292740046838408 0.08125 0.1990632318501171
5 0.128125 0.21662763466042154 0.0734375 0.08899297423887588
5 0.87890625 0.1335946135831383 0.0984375 0.14285714285714285