5 0.7611241217798594 0.69296875 0.18501170960187355 0.4
5 0.5409836065573771 0.70703125 0.2412177985954777 0.421875
5 0.3793911007025761 0.56796875 0.08196721311475409 0.1390625
5 0.42271662763466045 0.56015625 0.05620608899297424 0.13125
5 0.4672131147540984 0.521875 0.04215456674473068 0.0546875
5 0.1252927400468384 0.56171875 0.07259953161592506 0.121875
5 0.06088992974238876 0.554375 0.06323185011709602 0.0875
5 0.32435597189695553 0.52265625 0.02576112412177986 0.0328125
5 0.25526932084309134 0.68828125 0.22716627634660422 0.4296875
5 0.6206088992974239 0.64609375 0.1053864168618267 0.275
5 0.18501170960187355 0.53203125 0.06791569086651054 0.0609375
