5 0.32 0.116 0.06 0.17333333333333334
5 0.62 0.37066666666666664 0.202 0.416
5 0.518 0.21466666666666667 0.136 0.408
5 0.681 0.2653333333333333 0.02 0.034666666666666665
5 0.707 0.29333333333333333 0.028 0.17333333333333334
5 0.735 0.30666666666666664 0.042 0.17333333333333334
5 0.235 0.3453333333333333 0.164 0.5813333333333334
5 0.631 0.15 0.082 0.17333333333333334
5 0.393 0.38133333333333336 0.138 0.432
5 0.341 0.3466666666666667 0.242 0.5146666666666667
5 0.828 0.4493333333333333 0.094 0.11466666666666667
5 0.263 0.025333333333333333 0.07 0.050666666666666665