5 0.7859375 0.509375 0.428125 0.9541666666666667
5 0.43359375 0.6395833333333333 0.325 0.6979166666666666
5 0.44921875 0.20833333333333334 0.15625 0.22291666666666668
5 0.16796875 0.5416666666666666 0.3328125 0.7833333333333333
5 0.83359375 0.20833333333333334 0.0765625 0.26875
5 0.89453125 0.115625 0.0578125 0.13333333333333333
5 0.9046875 0.19166666666666668 0.1171875 0.29583333333333334
5 0.66796875 0.228125 0.2625 0.23333333333333334
5 0.31171875 0.22708333333333333 0.121875 0.17708333333333334
5 0.58515625 0.24270833333333333 0.0375 0.058333333333333334
5 0.8609375 0.09375 0.046875 0.09791666666666667