5 0.41041666666666665 0.6609375 0.49583333333333335 0.659375
5 0.14166666666666666 0.65390625 0.2833333333333333 0.5453125
5 0.6729166666666667 0.39765625 0.05 0.084375
5 0.6239583333333333 0.396875 0.027083333333333334 0.075
5 0.55 0.4 0.029166666666666667 0.0671875
5 0.5197916666666667 0.39609375 0.025 0.075
5 0.8104166666666667 0.57890625 0.36875 0.80625
5 0.65 0.4109375 0.008333333333333333 0.034375
5 0.596875 0.39296875 0.03125 0.078125
5 0.5739583333333333 0.396875 0.020833333333333332 0.071875
5 0.465625 0.39140625 0.035416666666666666 0.084375
5 0.11458333333333333 0.4515625 0.22916666666666666 0.21875
