5 0.1953125 0.57834101382585 0.0578125 0.14055299539170507
5 0.31015625 0.7546082949308756 0.0609375 0.283410138258479
5 0.62109375 0.7476958525345622 0.071875 0.1497695852534562
5 0.4171875 0.6947004608294931 0.0671875 0.21428571428571427
5 0.9234375 0.7073732718894009 0.065625 0.10829493087557604
5 0.96328125 0.677419355387096 0.034375 0.08064516129032258
5 0.6734375 0.8617511520737328 0.084375 0.22580645161290322
5 0.54375 0.7764976958525346 0.103125 0.14746543778801843
5 0.64609375 0.6255760368663594 0.0375 0.08064516129032258
5 0.56875 0.8847926267281107 0.1 0.18202764976958524
5 0.82578125 0.7603686635944701 0.065625 0.14055299539170507
5 0.85 0.693553870967742 0.054375 0.08064516129032258
5 0.38359375 0.7661290322580645 0.0640625 0.2695852534562212
