5 0.41940298507462687 0.61 0.4626865671641791 0.358
5 0.8134328358208955 0.57 0.14029850746268657 0.128
5 0.7208955223880597 0.494 0.12238805970149254 0.114
5 0.7432835820895523 0.431 0.0865671641791045 0.06
5 0.7268656716417911 0.415 0.07761194029850746 0.08
5 0.2671641791044776 0.504 0.12238805970149254 0.072
5 0.1925373134328358 0.515 0.050746268656716415 0.04
5 0.11044776119402985 0.492 0.03880597014925373 0.096
5 0.6417910447761194 0.35 0.13134328358208955 0.108
5 0.6194029850746269 0.251 0.050746268656716415 0.08
5 0.5597014925373134 0.259 0.07761194029850746 0.114
5 0.5059701492537313 0.47 0.0955223880597015 0.052
5 0.49850746268656715 0.266 0.0626865671641791 0.108
