5 0.54609375 0.7295081967213115 0.05 0.07494145199063232
5 0.57578125 0.720140515222525 0.028125 0.0702576112412178
5 0.54453125 0.6733021077283372 0.0265625 0.1217798595477751
5 0.5671875 0.741217798595478 0.090625 0.04918032786885246
5 0.1296875 0.8185011709601874 0.1171875 0.07494145199063232
5 0.28828125 0.7552693208430913 0.0359375 0.06791569086651054
5 0.76796875 0.747072599531616 0.1546875 0.06791569086651054
5 0.6625 0.6264637002341921 0.0171875 0.06791569086651054
5 0.4154375 0.7435597189695551 0.0296875 0.0702576112412178
5 0.20703125 0.8067915690866511 0.0421875 0.04215456674473068
5 0.13203125 0.81030444965712 0.0390625 0.0281030444965712
5 0.5859375 0.6557377049180327 0.015625 0.0304449657119438
5 0.95 0.530444965711944 0.00625 0.0304449657119438
