5 0.31796875 0.5456674473067916 0.159375 0.309133594613583
5 0.53515625 0.5386416861826698 0.1171875 0.19437939110070257
5 0.328125 0.1932084309133594 0.0515625 0.10070257611241218
5 0.5203125 0.1721311475409836 0.053125 0.06557377049180328
5 0.42890625 0.18969555035128804 0.0703125 0.07259953161592506
5 0.37734375 0.18149882903981265 0.05 0.0913359461358314
5 0.2296875 0.20374707259953162 0.06875 0.112412177985955
5 0.1703125 0.20960187353629978 0.059375 0.1053864168618267
5 0.86171875 0.09836065573770492 0.0703125 0.10070257611241218
5 0.6296875 0.152225243559719 0.053125 0.06323185011709602
5 0.565625 0.16393442622950818 0.0328125 0.06323185011709602
5 0.47578125 0.16393442622950818 0.046875 0.1030444965711944
5 0.53515625 0.55954777517564 0.1203125 0.23185011709601874
