5 0.5 0.23515625 0.29086538461538464 0.4015625
5 0.5677884615384615 0.18828125 0.3918269230769231 0.2671875
5 0.7620192307692307 0.2154375 0.2932692307692308 0.375
5 0.15745192307692307 0.5 0.31490384615384615 1
5 0.2439903846153846 0.309375 0.16826923076923078 0.2578125
5 0.953125 0.1421875 0.09375 0.2296875
5 0.6850961538461539 0.52890625 0.6298076923076923 0.6671875
5 0.3942307692307692 0.3625 0.2644230769230769 0.1296875
5 0.000655800507692309 0.0010888187500000001 0.0010422067307692307 0.0009473640625
5 0.5197115384615385 0.69453125 0.27884615384615385 0.5953125
