5 0.384375 0.3136792452830189 0.13125 0.32075471698113206
5 0.4390625 0.451132075471698 0.1203125 0.2665094339622642
5 0.546875 0.8337264150943396 0.1921875 0.30660377358490565
5 0.5109375 0.33372641509433965 0.0828125 0.23113207547169812
5 0.76953125 0.7028301886792453 0.1609375 0.4056603773584906
5 0.7 0.12264150943396226 0.0625 0.24528301886792453
5 0.8640625 0.3608490566037736 0.1734375 0.41273584905660377
5 0.2 0.8349056603773585 0.2203125 0.3018867924528302
5 0.2984375 0.6132075471698113 0.1453125 0.37735849056603776
5 0.3640625 0.1403301886792453 0.0734375 0.22169811320754718
5 0.22890625 0.25471698113207547 0.13125 0.5070754716981132
5 0.14609375 0.23702830188679244 0.1640625 0.4740566037735849
5 0.5703125 0.16037735849056603 0.10625 0.22877358490566038
