5 0.28203125 0.5796252927400468 0.0890625 0.29508196721311475
5 0.24921875 0.5819672131147541 0.0921875 0.2997658079625293
5 0.49140625 0.528103044496572 0.046875 0.23653395784543327
5 0.14609375 0.5433255269320844 0.0359375 0.1030444965711944
5 0.56953125 0.373536299765808 0.01875 0.06088992974238876
5 0.09375 0.5644028103044496 0.065625 0.28337236533957844
5 0.53984375 0.5081967213114754 0.054375 0.13114754098360656
5 0.6328125 0.2985954777517564 0.0421875 0.07259953161592506
5 0.928125 0.5011709601873536 0.054375 0.05620608899297424
5 0.89375 0.4601873536299766 0.054375 0.117096018735363
5 0.21015625 0.5409836065573771 0.0203125 0.1030444965711944
5 0.97109375 0.465711943793911 0.03125 0.11943793911007025
5 0.79375 0.28454332552693207 0.0546875 0.1053864168618267
