5 0.215625 0.7605140186915887 0.3109375 0.4602803738317757
5 0.37890625 0.7219626168224299 0.175 0.5186915887850467
5 0.046875 0.5035046728971962 0.0890625 0.2079439252336456
5 0.5984375 0.523364559813084 0.09375 0.40420560747663553
5 0.5453125 0.5268691588785047 0.0546875 0.25934579439252337
5 0.715625 0.5315420560747663 0.0515625 0.26401869158878505
5 0.66953125 0.6051401869158879 0.0421875 0.19626168224299065
5 0.10703125 0.6074766355140186 0.1046875 0.2850467289719626
5 0.40859375 0.5841121495327103 0.1140625 0.42990654205607476
5 0.62421875 0.4941588785046729 0.0765625 0.37616822429906543
5 0.56953125 0.46845794392523366 0.040625 0.22897196261682243
5 0.946875 0.4742990654205608 0.0953125 0.26869158878504673
5 0.8375 0.5151869158878505 0.040625 0.142523364559813