5 0.4203125 0.6454293628808865 0.034375 0.23822714681440443
5 0.14921875 0.6869806094182825 0.025 0.16897506925207756
5 0.0234375 0.6509695290858726 0.046875 0.23268698060941828
5 0.0328125 0.755476454293629 0.065625 0.1662049861495845
5 0.11015625 0.7465373961218836 0.0734375 0.1634349030470914
5 0.23203125 0.5803324099722992 0.028125 0.08310249307479224
5 0.35546875 0.6537396121883656 0.0296875 0.19113573407202217
5 0.33046875 0.5914127423822715 0.028125 0.12742382271468145
5 0.2015625 0.5858725761772853 0.04375 0.0886426592797784
5 0.4171875 0.5318559556786704 0.028125 0.06094182825547646
5 0.04296875 0.5650969529085873 0.00625 0.022160665199446
5 0.2734375 0.6731301939058172 0.0265625 0.17174515235457063
5 0.10390625 0.566519944598338 0.0078125 0.030470914127423823