5 0.5546875 0.8302107728337237 0.1015625 0.2997658079625293
5 0.4671875 0.8360655737704918 0.0796875 0.304449657119438
5 0.0921875 0.8079625292740047 0.178125 0.36533957845433257
5 0.746875 0.7857142857142857 0.1671875 0.304449657119438
5 0.42578125 0.6990632318501171 0.040625 0.08196721311475409
5 0.4515625 0.6955503512880562 0.025 0.09601873536299765
5 0.178125 0.6604215456674473 0.0296875 0.06791569086651054
5 0.2015625 0.6651053864168618 0.025 0.058550093676815
5 0.41171875 0.708430913359461 0.0203125 0.09836065573770492
5 0.42734375 0.6639344262295082 0.0140625 0.04215456674473068
5 0.89453125 0.7786885245901639 0.05 0.10772833723653395
5 0.8453125 0.7950819672131147 0.14375 0.29508196721311475
