5 0.807 0.6246200607902735 0.336 0.72953282674772
5 0.762 0.3905775075987842 0.04 0.14285714285714285
5 0.689 0.3662613981762918 0.032 0.11854103343465046
5 0.675 0.4027355623100304 0.046 0.17933130699088146
5 0.965 0.40577507598784196 0.042 0.188449850243161
5 0.385 0.40577507598784196 0.038 0.16109422492401215
5 0.333 0.3981762917933131 0.03 0.14285714285714285
5 0.615 0.39209726443769 0.05 0.18541033434650456
5 0.12 0.41641337386018235 0.038 0.19756838905775076
5 0.241 0.43465045592705165 0.056 0.1458966565349544
5 0.039 0.41185410334346506 0.034 0.20364741641337386
5 0.072 0.4209726443768997 0.032 0.17933130699088146
5 0.75 0.2887537993920973 0.014 0.05632218844985
