5 0.41328125 0.8395833333333333 0.0625 0.22291666666666668
5 0.47265625 0.8239583333333333 0.0359375 0.13125
5 0.60859375 0.8166666666666667 0.0328125 0.11041666666666666
5 0.765625 0.803125 0.03125 0.08333333333333333
5 0.88125 0.8364583333333333 0.0375 0.17083333333333334
5 0.95703125 0.8375 0.0578125 0.14791666666666667
5 0.9171875 0.8208333333333333 0.021875 0.125
5 0.8421875 0.828125 0.025 0.14583333333333334
5 0.50859375 0.8125 0.0421875 0.10625
5 0.87109375 0.7791666666666667 0.0140625 0.03958333333333333
5 0.67734375 0.815625 0.015625 0.10625
5 0.646875 0.8166666666666667 0.0109375 0.1125
5 0.865625 0.8135416666666667 0.0078125 0.08333333333333333