5 0.399 0.8666666666666667 0.422 0.26666666666666666
5 0.837 0.3626666666666667 0.04 0.14133333333333334
5 0.134 0.352 0.032 0.09333333333333334
5 0.866 0.22533333333333333 0.014 0.024
5 0.191 0.49066666666666664 0.074 0.22933333333333333
5 0.797 0.8813333333333333 0.168 0.21333333333333335
5 0.675 0.9573333333333334 0.102 0.08533333333333333
5 0.132 0.85 0.238 0.2773333333333333
5 0.00120636 0.002313672 0.00028871999999999996 0.000705992
5 0.691 0.8093333333333333 0.04 0.04533333333333334
5 0.726 0.332 0.028 0.08266666666666667
5 0.00189014 0.002347912 0.0002082 0.000637512
5 0.706 0.88 0.09 0.168