5 0.4703125 0.309375 0.16875 0.2875
5 0.64296875 0.3885416666666667 0.2078125 0.45208333333333334
5 0.80546875 0.6229166666666667 0.35 0.7541666666666667
5 0.5171875 0.125 0.1359375 0.17083333333333334
5 0.29609375 0.12708333333333333 0.0984375 0.22708333333333333
5 0.38359375 0.13020833333333334 0.09375 0.24375
5 0.190625 0.5791666666666667 0.3203125 0.6875
5 0.34765625 0.057291666666666664 0.05625 0.09791666666666667
5 0.5203125 0.08541666666666667 0.065625 0.11041666666666666
5 0.4734375 0.023958333333333335 0.009375 0.03333333333333333
5 0.61640625 0.027083333333333334 0.0078125 0.029166666666666667
5 0.24453125 0.08229166666666667 0.05625 0.13333333333333333
5 0.9203125 0.03125 0.009375 0.020833333333333332
