5 0.76640625 0.7977031802120141 0.240625 0.4045936395759717
5 0.5796875 0.24558303886925795 0.084375 0.15901060070671377
5 0.44375 0.18197879858657243 0.1265625 0.22968197879858657
5 0.5734375 0.8180212014134276 0.2609375 0.3303886925795053
5 0.34609375 0.8356890459363958 0.234375 0.30565371024734983
5 0.25078125 0.32332155477031804 0.1421875 0.21024734982332155
5 0.3796875 0.33833922261541 0.1453125 0.222615409893993
5 0.4296875 0.28533568904593637 0.0765625 0.15901060070671377
5 0.53515625 0.26060070671378094 0.078125 0.09363957597173145
5 0.26171875 0.6802120141342756 0.15 0.575971731457632
5 0.115625 0.6749116607773852 0.20625 0.62720850565371
5 0.5453125 0.589222615409894 0.1859375 0.4134275618374558
5 0.915625 0.8242049469964664 0.16875 0.3303886925795053