5 0.26953125 0.6020833333333333 0.20625 0.75
5 0.09453125 0.3854166666666667 0.05625 0.22708333333333333
5 0.1671875 0.4166666666666667 0.05625 0.30416666666666664
5 0.1953125 0.36666666666666664 0.046875 0.17708333333333334
5 0.36875 0.4114583333333333 0.0328125 0.3458333333333333
5 0.67265625 0.696875 0.221875 0.5833333333333334
5 0.13828125 0.3770833333333333 0.034375 0.1625
5 0.00859375 0.31875 0.0171875 0.03958333333333333
5 0.92734375 0.584375 0.1453125 0.5833333333333334
5 0.0109375 0.5645833333333333 0.021875 0.25625
5 0.04375 0.421875 0.06875 0.325
5 0.353125 0.4395833333333333 0.0390625 0.18333333333333332
5 0.0171875 0.378125 0.034375 0.2
