5 0.5203125 0.4020979020979021 0.2265625 0.5058275058275058
5 0.1125 0.3776223776223776 0.1578125 0.31002331002331
5 0.19296875 0.12004662004662005 0.065625 0.06293706293706294
5 0.275 0.11072261072261072 0.059375 0.07459207459207459
5 0.354375 0.10839160839160839 0.0625 0.08158508158508158
5 0.4265625 0.10023310023310024 0.0609375 0.09557109557109557
5 0.50703125 0.07342657342657342 0.090625 0.14685314685314685
5 0.27578125 0.07226107226107226 0.075 0.13286713286713286
5 0.19765625 0.0780885780885781 0.075 0.13986013986013987
5 0.1154375 0.11188811188811189 0.0703125 0.08391608391608392
5 0.50234375 0.10839160839160839 0.0734375 0.08158508158508158
5 0.12109375 0.07109557109557109 0.084375 0.14219114219114218
5 0.44453125 0.08741258741258741 0.040625 0.11655011655011654