5 0.75234375 0.5735981308411215 0.4953125 0.829439252336456
5 0.37890625 0.6705607476635514 0.2109375 0.4696261682242991
5 0.340625 0.5408878504672897 0.065625 0.3107476635514019
5 0.25859375 0.5841121495327103 0.084375 0.455981308411215
5 0.2078125 0.655373831775701 0.115625 0.47897196261682246
5 0.13203125 0.6355140186915887 0.084375 0.45560747663551404
5 0.38984375 0.463785046728972 0.0859375 0.12383177570093458
5 0.45703125 0.6740654205607477 0.06875 0.3107476635514019
5 0.62421875 0.5 0.046875 0.1705607476635514
5 0.30703125 0.4672897196261682 0.025 0.0864559813084112
5 0.50859375 0.6074766355140186 0.0421875 0.3513084112149534
5 0.44375 0.59559813084112 0.0171875 0.037383177570093455
