5 0.2046875 0.6555323590814196 0.0390625 0.154585177453027
5 0.25078125 0.6461377870563675 0.0515625 0.17118997912317327
5 0.29609375 0.6346555323590815 0.015625 0.0626305016701461
5 0.946875 0.639874739039666 0.034375 0.11899791231732777
5 0.75390625 0.593945720250522 0.021875 0.07306889352818371
5 0.71640625 0.579331941545852 0.0125 0.0584551152254697
5 0.89765625 0.6179540709812108 0.0390625 0.09394572025052192
5 0.17890625 0.6555323590814196 0.0234375 0.07515657620041753
5 0.853125 0.6200417536534447 0.04375 0.08350730688935282
5 0.7015625 0.579331941545852 0.00625 0.033402922755741124
