5 0.41640625 0.66 0.2359375 0.68
5 0.69296875 0.6141176470588235 0.421875 0.752352941176471
5 0.56640625 0.5164705882352941 0.115625 0.29411764705882354
5 0.1625 0.711764705882353 0.325 0.5458823529411765
5 0.0921875 0.6564705882352941 0.184375 0.6635294117647059
5 0.31328125 0.46705882352941175 0.084375 0.1976470588235294
5 0.20390625 0.41058823529411764 0.054375 0.09176470588235294
5 0.17421875 0.44588235294117645 0.04375 0.10823529411764705
5 0.26875 0.41058823529411764 0.0609375 0.08705882352941176
5 0.0265625 0.5035294117647059 0.053125 0.18352941176470589
5 0.2578125 0.36823529411764705 0.0125 0.023529411764705882
5 0.23203125 0.4023529411764706 0.0328125 0.07294117647058823
5 0.14453125 0.4258823529411765 0.0359375 0.10588235294117647