5 0.93203125 0.5492424242424242 0.13125 0.8674242424242424
5 0.50234375 0.5674242424242425 0.0203125 0.19318181818181818
5 0.6859375 0.4564393939393939 0.021875 0.1590909090909091
5 0.8609375 0.5075757575757576 0.034375 0.2916666666666667
5 0.82109375 0.4735555555 0.03125 0.23106060606060605
5 0.7390625 0.45265151515151514 0.021875 0.16287878787878787
5 0.325 0.4772727272727273 0.015625 0.0985555555
5 0.34140625 0.4696969696969697 0.015625 0.09090909090909091
5 0.78046875 0.4621212121212121 0.0203125 0.17803030303030304
5 0.8046875 0.4715909090909091 0.021875 0.2235555555
5 0.759375 0.4602272727272727 0.0265625 0.18181818181818182
5 0.903125 0.41098555555 0.034375 0.12121212121212122
5 0.8421875 0.4753787878787879 0.0203125 0.2537878787878788