5 0.3625 0.509375 0.01875 0.0625
5 0.4375 0.56875 0.06875 0.20208333333333334
5 0.11953125 0.540625 0.025 0.08958333333333333
5 0.14609375 0.5375 0.04375 0.10625
5 0.16875 0.5364583333333334 0.03125 0.09583333333333334
5 0.52109375 0.50625 0.0203125 0.08125
5 0.596875 0.5541666666666667 0.1140625 0.3854166666666667
5 0.3828125 0.5041666666666667 0.0171875 0.06875
5 0.2734375 0.5260416666666666 0.025 0.07708333333333334
5 0.33515625 0.5177083333333333 0.0140625 0.07291666666666667
5 0.6515625 0.5177083333333333 0.0265625 0.07291666666666667
5 0.325 0.5135416666666667 0.0109375 0.07291666666666667
5 0.31328125 0.5135416666666667 0.0171875 0.07708333333333334