5 0.4453125 0.8461538461538461 0.2109375 0.285359801588337
5 0.1234375 0.7642679900744417 0.24375 0.44168734491315137
5 0.74609375 0.9292803970223326 0.23125 0.1141439205955335
5 0.93671875 0.7878411910669976 0.0640625 0.3250620347394541
5 0.88671875 0.924317617866005 0.1515625 0.14392059553349876
5 0.8625 0.741935538709677 0.128125 0.2952853598015884
5 0.8078125 0.7084367245657568 0.1015625 0.2513895781637718
5 0.9546875 0.6910669975186104 0.0671875 0.20843672456575682
5 0.29609375 0.8287841191066998 0.1609375 0.3200992555831266
5 0.75859375 0.826302729528536 0.10625 0.18362282878411912
5 0.78515625 0.6228287841191067 0.05625 0.096774193553871
5 0.67734375 0.7791563275434243 0.109375 0.34491315136476425
5 0.15546875 0.6203473945409429 0.0390625 0.05955334987593052