5 0.6 0.563231850117096 0.2578125 0.6768149882903981
5 0.7234375 0.3149882903981265 0.1140625 0.309133594613583
5 0.83203125 0.49414519906323184 0.3359375 0.9882903981264637
5 0.44609375 0.45550351288056207 0.2390625 0.8290398126463701
5 0.2546875 0.4953161592505855 0.178125 0.8266978922716628
5 0.1078125 0.5257611241217799 0.2125 0.9063231850117096
5 0.425 0.11358313817330211 0.109375 0.2177985954777517
5 0.1796875 0.37822014051522246 0.05625 0.140515222524356
5 0.3421875 0.4519906323185012 0.0578125 0.2459016393442623
5 0.1734375 0.5526932084309133 0.15 0.222524355971897
5 0.37265625 0.47423887587822017 0.054375 0.36533957845433257
5 0.653125 0.3103044496571196 0.04375 0.14754098360655737