5 0.5154375 0.6697916666666667 0.2140625 0.6104166666666667
5 0.00008510781249999999 0.0014086812499999998 0.00016743125 0.00134930625
5 0.63203125 0.6875 0.259375 0.625
5 0.7796875 0.65 0.184375 0.6458333333333334
5 0.3328125 0.5416666666666666 0.0515625 0.0875
5 0.8890625 0.37916666666666665 0.04375 0.08333333333333333
5 0.9390625 0.3302083333333333 0.0234375 0.058333333333333334
5 0.446875 0.49166666666666664 0.0390625 0.08333333333333333
5 0.92578125 0.6479166666666667 0.146875 0.6666666666666666
5 0.57421875 0.2947916666666667 0.04375 0.0625
5 0.4390625 0.44375 0.0453125 0.06458333333333334
5 0.921875 0.3802083333333333 0.0359375 0.08541666666666667
5 0.3625 0.4510416666666667 0.0328125 0.09583333333333334