5 0.29140625 0.53125 0.03125 0.1375
5 0.39609375 0.521875 0.0328125 0.16041666666666668
5 0.4921875 0.5583333333333333 0.04375 0.16666666666666666
5 0.53671875 0.5072916666666667 0.05 0.0625
5 0.65546875 0.6052083333333333 0.0703125 0.12916666666666668
5 0.6765625 0.50625 0.0375 0.09166666666666666
5 0.7359375 0.5458333333333333 0.0390625 0.14583333333333334
5 0.8203125 0.5552083333333333 0.0328125 0.175
5 0.8375 0.5427083333333333 0.0234375 0.14583333333333334
5 0.62890625 0.5333333333333333 0.0453125 0.17708333333333334
5 0.5015625 0.49166666666666664 0.0234375 0.04791666666666667
