5 0.5299401197604791 0.843 0.0359281437125755 0.054
5 0.2634730538922156 0.831 0.014970059880239521 0.016
5 0.22305389221556887 0.851 0.0359281437125755 0.036
5 0.8083832335329342 0.825 0.023952095808383235 0.042
5 0.3458083832335329 0.841 0.03293413173652695 0.056
5 0.41317365269461076 0.839 0.03293413173652695 0.068
5 0.43263473053892215 0.839 0.020958083832335328 0.064
5 0.5823353293413174 0.851 0.023952095808383235 0.04
5 0.06287425149700598 0.834 0.03293413173652695 0.07
5 0.28892215568862273 0.845 0.020958083832335328 0.052
5 0.5703592814371258 0.828 0.017964071856287425 0.04
5 0.7080838323353293 0.84 0.02694610778443114 0.05
5 0.1467065868263473 0.825 0.017964071856287425 0.034