5 0.05703125 0.6713615023474179 0.1078125 0.4624413145539906
5 0.5859375 0.5938967136150235 0.1 0.3286384976525822
5 0.92890625 0.664319258262911 0.11875 0.4061032863849765
5 0.225 0.3286384976525822 0.071875 0.25586854460093894
5 0.3375 0.8063380281690141 0.1359375 0.31690140845070425
5 0.625 0.465962441314554 0.084375 0.31220657276995306
5 0.5828125 0.3744131455399061 0.0828125 0.32629107981220656
5 0.57890625 0.30633802816901406 0.0859375 0.24647887323943662
5 0.77265625 0.342723004695357 0.103125 0.23943661971830985
5 0.42890625 0.20187793427230047 0.090625 0.2112676056338028
5 0.35078125 0.20422535211267606 0.0546875 0.20657276995305165
5 0.46015625 0.4730046953568075 0.0859375 0.3075117370892019
5 0.3703125 0.609154929577465 0.0984375 0.323943661971831
