5 0.5265625 0.647329650092081 0.1296875 0.44751381215469616
5 0.42734375 0.6675874769797422 0.1296875 0.47697974217311234
5 0.7 0.5184162062615101 0.0390625 0.17679558011049723
5 0.625 0.5202578268876611 0.04375 0.1786372007366524
5 0.52890625 0.42357274401473294 0.03125 0.053406998158379376
5 0.5578125 0.43830570902394106 0.0328125 0.0681399631675875
5 0.21328125 0.43646408839779005 0.0234375 0.0883977900552562
5 0.22265625 0.3747697974217311 0.021875 0.03314917127071823
5 0.2 0.373859871086556 0.021875 0.03314917127071823
5 0.2515625 0.4300184162062615 0.0296875 0.09944751381215469
5 0.5359375 0.4198895027624309 0.034375 0.04604051565377532
