5 0.38615023474178406 0.47734375 0.6713615023474179 0.609375
5 0.7136150234741784 0.69765625 0.5446009389671361 0.3796875
5 0.6220657276995305 0.0875 0.13380281690140844 0.103125
5 0.7171361502347418 0.14375 0.10093896713615023 0.1046875
5 0.17018779342723006 0.08359375 0.12910798122065728 0.1546875
5 0.0880281690140845 0.096875 0.107981220657277 0.1890625
5 0.8262910798122066 0.1359375 0.05868544600938967 0.0515625
5 0.6373239436619719 0.14375 0.11032863849765258 0.0984375
5 0.8133802816901409 0.05 0.08685446009389672 0.08125
5 0.40492957746478875 0.11171875 0.08215962441314555 0.0921875
5 0.9565727699530516 0.15 0.08685446009389672 0.103125
5 0.31103286384976525 0.0640625 0.08215962441314555 0.0984375
5 0.9413145539906104 0.1078125 0.09624413145539906 0.08125