5 0.11953125 0.733645598130841 0.009375 0.0514018691588785
5 0.08671875 0.7137850467289719 0.0109375 0.0514018691588785
5 0.10390625 0.7149532710280374 0.009375 0.056074766355140186
5 0.0734375 0.6962616822429907 0.0125 0.0514018691588785
5 0.0328125 0.6962616822429907 0.0109375 0.056074766355140186
5 0.26953125 0.5981308411214953 0.00625 0.028037383177570093
5 0.0154375 0.6904205607476636 0.0109375 0.056074766355140186
5 0.115625 0.7067757009345794 0.0140625 0.0233645598130841
5 0.428125 0.6308411214953271 0.00625 0.02570093457943925
5 0.41953125 0.6203271028037384 0.00625 0.016355140186915886
5 0.46015625 0.6355140186915887 0.0046875 0.02102803738317757
5 0.475 0.6343457943925234 0.0078125 0.0233645598130841
5 0.090625 0.6810747663551402 0.0109375 0.014018691588785047