5 0.4215686274509804 0.6617647058823529 0.204253660130719 0.63071895425366
5 0.11356209150326797 0.55202614379085 0.11274509803921569 0.3349673202614379
5 0.3161764705882353 0.462418300653595 0.03758169934640523 0.13562091503267973
5 0.6609477124183006 0.4550653594771242 0.03104575163398693 0.09967320261437909
5 0.726307189542536 0.4444444444444444 0.02287581699346405 0.0866013071895425
5 0.7524509803921569 0.46405228758169936 0.05065359477124183 0.14052287581699346
5 0.7843137254901961 0.46405228758169936 0.032679738562091505 0.13725490196078433
5 0.569281045751634 0.4256535947712418 0.03594771241830065 0.09477124183006536
5 0.511437908496732 0.4297385620915033 0.029411764705882353 0.07679738562091504
5 0.14950980392156862 0.4297385620915033 0.0196078431372549 0.06862745098039216
5 0.5375816993464052 0.439542536601307 0.02287581699346405 0.07026143790849673
5 0.6266339869281046 0.4444444444444444 0.04084967320261438 0.10457516339869281