5 0.4640625 0.5864583333333333 0.128125 0.47708333333333336
5 0.84921875 0.6510416666666666 0.05625 0.13333333333333333
5 0.90546875 0.6645833333333333 0.0609375 0.1875
5 0.68046875 0.6333333333333333 0.078125 0.13333333333333333
5 0.55390625 0.5927083333333333 0.0375 0.06458333333333334
5 0.584375 0.590625 0.034375 0.05625
5 0.20625 0.6979166666666666 0.0546875 0.27291666666666664
5 0.1 0.6447916666666667 0.05 0.14166666666666666
5 0.521875 0.5854166666666667 0.0140625 0.04375
5 0.62734375 0.6041666666666666 0.0515625 0.08125
5 0.815625 0.6958333333333333 0.04375 0.2125
5 0.05546875 0.7885416666666667 0.1109375 0.42291666666666666
