5 0.89375 0.34479166666666666 0.1375 0.22708333333333333
5 0.1578125 0.7166666666666667 0.3125 0.54375
5 0.84609375 0.7260416666666667 0.3078125 0.5270833333333333
5 0.56015625 0.1595833333333333 0.1046875 0.18541666666666667
5 0.3703125 0.28854166666666664 0.1265625 0.27291666666666664
5 0.4625 0.628125 0.28125 0.7416666666666667
5 0.68671875 0.36875 0.1390625 0.3375
5 0.79296875 0.6239583333333333 0.3078125 0.68125
5 0.6203125 0.28958333333333336 0.109375 0.20625
5 0.2265625 0.30833333333333335 0.10625 0.2791666666666667
5 0.50546875 0.225 0.06875 0.09583333333333334
5 0.06875 0.36354166666666665 0.1328125 0.3020833333333333
5 0.0515625 0.25104166666666666 0.1 0.20416666666666666
