5 0.768 0.668 0.08 0.14133333333333334
5 0.612 0.49866666666666665 0.03 0.06666666666666667
5 0.952 0.512 0.022 0.07733333333333334
5 0.191 0.5533333333333334 0.026 0.042666666666666665
5 0.896 0.44266666666666665 0.008 0.016
5 0.746 0.6746666666666666 0.07 0.11466666666666667
5 0.62 0.636 0.084 0.176
5 0.422 0.456 0.016 0.037333333333333336
5 0.772 0.566666666666667 0.018 0.072
5 0.199 0.544 0.078 0.06933333333333333
5 0.89 0.44266666666666665 0.006 0.010666666666666666
5 0.929 0.45 0.01 0.021333333333333333
5 0.952 0.4533333333333333 0.01 0.018666666666666668
