5 0.00043332500000000003 0.00109503125 0.0005055671875 0.00197660625
5 0.59140625 0.5739583333333333 0.2015625 0.825
5 0.7 0.55625 0.1734375 0.725
5 0.80703125 0.49166666666666664 0.38125 0.975
5 0.83046875 0.3697916666666667 0.0734375 0.25416666666666665
5 0.7546875 0.2864583333333333 0.0125 0.05625
5 0.77890625 0.29583333333333334 0.025 0.09166666666666666
5 0.4703125 0.54375 0.2 0.71875
5 0.8078125 0.29270833333333335 0.025 0.08125
5 0.11171875 0.4041666666666667 0.0828125 0.30416666666666664
5 0.796875 0.28125 0.0125 0.04583333333333333
5 0.76328125 0.2864583333333333 0.009375 0.05416666666666667