5 0.06015625 0.5458333333333333 0.1203125 0.5125
5 0.15 0.59375 0.0734375 0.3416666666666667
5 0.2234375 0.5427083333333333 0.0625 0.3
5 0.35546875 0.534375 0.10625 0.35208333333333336
5 0.31640625 0.42291666666666666 0.021875 0.029166666666666667
5 0.43984375 0.434375 0.040625 0.06875
5 0.15078125 0.4552083333333333 0.09375 0.25
5 0.640625 0.44583333333333336 0.196875 0.28125
5 0.19921875 0.4625 0.03125 0.14375
5 0.9578125 0.528125 0.084375 0.22291666666666668
5 0.64765625 0.478125 0.071875 0.09166666666666666
5 0.4953125 0.4791666666666667 0.0703125 0.21458333333333332
5 0.47890625 0.5072916666666667 0.0703125 0.2
