5 0.0390625 0.559154929577465 0.078125 0.49061032863849763
5 0.12890625 0.318075117370892 0.1984375 0.5117370892018779
5 0.2234375 0.305164319258263 0.0640625 0.3568075117370892
5 0.2875 0.3039906103286385 0.0515625 0.1995305164319258
5 0.35078125 0.30985915492957744 0.084375 0.1596244131455399
5 0.4375 0.2875586854460094 0.0703125 0.19718309859154928
5 0.50390625 0.3075117370892019 0.0546875 0.16666666666666666
5 0.70859375 0.3145539906103286 0.0859375 0.28169014084507044
5 0.76875 0.32981220657276994 0.0703125 0.32629107981220656
5 0.85625 0.397887323943662 0.0796875 0.43192582629108
5 0.9375 0.4518779342723005 0.11875 0.3873239436619718
5 0.921875 0.25821596244131456 0.053125 0.14788732394366197
5 0.88515625 0.1960093896713615 0.08125 0.12206572769953052
