5 0.3640625 0.8615023474178404 0.0171875 0.023474178403755867
5 0.365625 0.26173708920187794 0.0703125 0.13380281690140844
5 0.465625 0.846244131455399 0.0421875 0.07746478873239436
5 0.57109375 0.8603286384976526 0.0265625 0.04225352112676056
5 0.49140625 0.855915492957746 0.0390625 0.07511737089201878
5 0.6654375 0.8438967136150235 0.021875 0.04225352112676056
5 0.56171875 0.3779342723004695 0.0953125 0.11971830985915492
5 0.35546875 0.960093896713615 0.054375 0.07981220657276995
5 0.334375 0.934272300469536 0.040625 0.05868544600938967
5 0.21640625 0.823943661971831 0.0390625 0.07042253521126761
5 0.34296875 0.9471830985915493 0.0390625 0.05868544600938967
5 0.31953125 0.9166666666666666 0.0375 0.06103286384976526
5 0.29609375 0.9049295774647887 0.0328125 0.04929577464788732
