5 0.3953125 0.7534626038781164 0.09375 0.26038781163434904
5 0.2703125 0.45013850415512463 0.0953125 0.2742382271468144
5 0.32578125 0.30193905817174516 0.1015625 0.1883656509695291
5 0.49375 0.4085872576177285 0.103125 0.26038781163434904
5 0.43671875 0.08033240997229917 0.0671875 0.1606651994459833
5 0.2765625 0.11218836565096953 0.059375 0.10249307479224377
5 0.81796875 0.18698060941828254 0.09375 0.31024930747922436
5 0.203125 0.38227146814404434 0.059375 0.1883656509695291
5 0.47890625 0.660665199445984 0.1171875 0.23268698060941828
5 0.6890625 0.734072022160665 0.06875 0.2742382271468144
5 0.58515625 0.26177285318559557 0.109375 0.2880886426592798
5 0.2671875 0.806094182825547 0.115625 0.2520775623268698
5 0.384375 0.5443213296398892 0.0984375 0.2299168975069252
