5 0.4171875 0.759375 0.03125 0.09375
5 0.25390625 0.7854166666666667 0.04375 0.11458333333333333
5 0.4515625 0.7677083333333333 0.040625 0.10416666666666667
5 0.81875 0.7697916666666667 0.0296875 0.05416666666666667
5 0.21953125 0.7635416666666667 0.0390625 0.05416666666666667
5 0.79765625 0.7958333333333333 0.0265625 0.06666666666666667
5 0.4234375 0.79375 0.025 0.05
5 0.6 0.8020833333333334 0.028125 0.08125
5 0.63984375 0.76875 0.0328125 0.06041666666666667
5 0.98359375 0.7791666666666667 0.0265625 0.06666666666666667
5 0.57265625 0.7958333333333333 0.034375 0.07708333333333334
5 0.54609375 0.8104166666666667 0.0296875 0.07291666666666667
5 0.61640625 0.7666666666666667 0.021875 0.07083333333333333