5 0.42890625 0.5809859154929577 0.3453125 0.8169014084507042
5 0.8875 0.5352112676056338 0.2171875 0.9295774647887324
5 0.74765625 0.11150234741784038 0.1140625 0.2230046953568075
5 0.5984375 0.1255868544600939 0.1703125 0.22535211267605634
5 0.2640625 0.15845070422535212 0.1578125 0.29107981220657275
5 0.1654375 0.1443661971830986 0.06875 0.215962441314554
5 0.4265625 0.11854460093896714 0.1515625 0.2230046953568075
5 0.91015625 0.13145539906103287 0.1296875 0.25586854460093894
5 0.11171875 0.17370892018779344 0.1453125 0.26291079812206575
5 0.33125 0.10093896713615023 0.08125 0.19718309859154928
5 0.10234375 0.11737089201877934 0.0515625 0.07042253521126761