5 0.515625 0.6135416666666667 0.6734375 0.7729166666666667
5 0.75546875 0.284375 0.046875 0.18541666666666667
5 0.69765625 0.2833333333333333 0.05 0.2
5 0.64921875 0.3104166666666667 0.04375 0.13333333333333333
5 0.59375 0.24375 0.03125 0.07708333333333334
5 0.56796875 0.22291666666666668 0.0265625 0.06041666666666667
5 0.0265625 0.228125 0.0109375 0.04375
5 0.54140625 0.22083333333333333 0.021875 0.022916666666666665
5 0.0734375 0.29583333333333334 0.05 0.1125
5 0.62265625 0.265625 0.03125 0.12291666666666666
