5 0.4703125 0.1600985221675768 0.053125 0.1009852216757685
5 0.1390625 0.637931034527587 0.0078125 0.03452758620689655
5 0.62109375 0.06896551724137931 0.0640625 0.08374384236453201
5 0.51953125 0.09113300492610837 0.0234375 0.04433497536945813
5 0.42578125 0.2352216757684728 0.025 0.05665024630541872
5 0.40625 0.267241379310345 0.028125 0.06896551724137931
5 0.6984375 0.102216757684729 0.078125 0.08620689655172414
5 0.4328125 0.2576847290640394 0.05625 0.08866995073891626
5 0.39296875 0.2955665024630542 0.040625 0.05665024630541872
5 0.5734375 0.14039408866995073 0.0640625 0.14532019704433496
5 0.63828125 0.5738916256157636 0.084375 0.1600985221675768
5 0.1640625 0.660098522167577 0.0109375 0.0665024630541872
5 0.34765625 0.4137931034527586 0.0140625 0.07635467980295567