5 0.7296875 0.4431072210065646 0.196875 0.7242888402625821
5 0.87421875 0.4310722100656455 0.125 0.4442013129102845
5 0.00037928437500000004 0.0012007964989059082 0.00055285625 0.001974776805251641
5 0.50078125 0.43326039387308535 0.096875 0.20350109409190373
5 0.3625 0.3599562363238512 0.0265625 0.10284463894967177
5 0.390625 0.37199124726477023 0.0328125 0.13785557986870897
5 0.52734375 0.3730853391684901 0.0296875 0.12035010940919037
5 0.43203125 0.42669584245076586 0.06875 0.18818380743982493
5 0.3421875 0.34573304157549234 0.0234375 0.08315098468271334
5 0.3154375 0.3358862144420131 0.0265625 0.05032822757111598
5 0.0796875 0.6531728665207878 0.0640625 0.5339168490153173
5 0.56171875 0.35120350109409193 0.0203125 0.0700218818380744
5 0.13671875 0.33150984682713347 0.015625 0.05470459518599562
