5 0.51640625 0.551522252435597 0.2234375 0.6135831381733021
5 0.17734375 0.5 0.35 1
5 0.571875 0.41920374707259955 0.0765625 0.26697892271662765
5 0.65859375 0.44379391100702575 0.103125 0.30679156908665106
5 0.7375 0.4250585500936765 0.1015625 0.27400468384074944
5 0.90078125 0.4262295081967213 0.084375 0.22716627634660422
5 0.946875 0.34660421545667447 0.05625 0.1335946135831383
5 0.74765625 0.3559718969555035 0.0421875 0.16627634660421545
5 0.84375 0.42857142857142855 0.134375 0.2524355971896955
5 0.44375 0.3231850117096019 0.0453125 0.15456674473067916
