5 0.375 0.7010416666666667 0.0421875 0.125
5 0.15859375 0.840625 0.0890625 0.2708333333333333
5 0.2046875 0.715625 0.04375 0.125
5 0.23828125 0.66875 0.0265625 0.058333333333333334
5 0.32421875 0.6864583333333333 0.034375 0.09166666666666666
5 0.3015625 0.6645833333333333 0.0203125 0.05416666666666667
5 0.4154375 0.6520833333333333 0.0203125 0.0375
5 0.35078125 0.653125 0.0234375 0.04375
5 0.12890625 0.8479166666666667 0.1296875 0.27291666666666664
5 0.46171875 0.6583333333333333 0.028125 0.05
5 0.50234375 0.653125 0.0234375 0.06666666666666667
5 0.2671875 0.7229166666666667 0.0578125 0.14166666666666666
