5 0.528125 0.8010416666666667 0.109375 0.375
5 0.321875 0.784375 0.14375 0.41041666666666665
5 0.85703125 0.74375 0.10625 0.35208333333333336
5 0.7078125 0.628125 0.0375 0.04791666666666667
5 0.54765625 0.6708333333333333 0.0453125 0.15416666666666667
5 0.965625 0.684375 0.0515625 0.1625
5 0.04921875 0.628125 0.0125 0.04791666666666667
5 0.43125 0.6677083333333333 0.0359375 0.13541666666666666
5 0.08359375 0.6135416666666667 0.01875 0.06666666666666667
5 0.084375 0.7822916666666667 0.1328125 0.4354166666666667
5 0.5046875 0.609375 0.015625 0.014583333333333334