5 0.30078125 0.24766355140186916 0.0921875 0.252336455981308
5 0.39140625 0.273364559813084 0.153125 0.2780373831775701
5 0.5734375 0.2908878504672897 0.1671875 0.308411214953271
5 0.6953125 0.3586455981308414 0.1515625 0.3855140186915888
5 0.684375 0.6203271028037384 0.434375 0.7593457943925234
5 0.92421875 0.1455981308411214 0.0859375 0.1542056074766355
5 0.0859375 0.29789719626168226 0.125 0.37383177570093457
5 0.94609375 0.3411214953271028 0.1078125 0.31542056074766356
5 0.87890625 0.5011682242990654 0.1578125 0.5771028037383178
5 0.18828125 0.2908878504672897 0.1765625 0.2616822429906542
5 0.125 0.1927570093457944 0.0546875 0.08878504672897196
5 0.1703125 0.1927570093457944 0.0546875 0.08878504672897196
5 0 0.0011682242990654205 0 0.00233645598130841
