5 0.52890625 0.4426229508196721 0.4078125 0.6370023419203747
5 0.8765625 0.5807962529274004 0.090625 0.3840749414519906
5 0.36171875 0.6545667447306791 0.0703125 0.14988290398126464
5 0.3765625 0.8770491803278688 0.0734375 0.14285714285714285
5 0.39375 0.6908665105386417 0.0265625 0.08899297423887588
5 0.27421875 0.8302107728337237 0.0265625 0.0913359461358314
5 0.21796875 0.809133594613583 0.0765625 0.159250585500937
5 0.0640625 0.8559718969555035 0.0984375 0.1451990632318501
5 0.94375 0.6288056206088993 0.09375 0.2252435597189696
5 0.40546875 0.9063231850117096 0.01875 0.0843091335946135
5 0.15 0.8477751756440282 0.028125 0.08196721311475409
5 0.1671875 0.855009367681498 0.0125 0.0351288056206089
