5 0.38984375 0.49416666666666664 0.1921875 0.5533333333333333
5 0.53046875 0.22333333333333333 0.0296875 0.03166666666666667
5 0.92265625 0.4275 0.1546875 0.36333333333333334
5 0.7828125 0.3675 0.2171875 0.3533333333333333
5 0.5654375 0.225 0.034375 0.03166666666666667
5 0.4654375 0.21833333333333332 0.034375 0.045
5 0.575 0.21916666666666668 0.015625 0.03
5 0.25 0.435 0.175 0.5016666666666667
5 0.10703125 0.3525 0.109375 0.16833333333333333
5 0.43515625 0.21916666666666668 0.01875 0.056666666666666664
5 0.346875 0.22333333333333333 0.0203125 0.0533333333333333
5 0.96875 0.23916666666666667 0.0375 0.06666666666666667
5 0.4921875 0.22583333333333333 0.0234375 0.028333333333333332