5 0.218 0.5106666666666667 0.22 0.44
5 0.071 0.5946666666666667 0.142 0.28
5 0.61 0.5453333333333333 0.082 0.16266666666666665
5 0.776 0.676 0.246 0.496
5 0.858 0.5653333333333334 0.088 0.21333333333333335
5 0.937 0.5773333333333334 0.126 0.25
5 0.291 0.4186666666666667 0.318 0.5813333333333334
5 0.553 0.5333333333333333 0.078 0.13866666666666666
5 0.912 0.436 0.06 0.072
5 0.03 0.5613333333333334 0.06 0.19466666666666665
5 0.496 0.5626666666666666 0.088 0.22666666666666666
5 0.98 0.544 0.04 0.11733333333333333