5 0.2 0.3727064220183564 0.146875 0.3853211009174312
5 0.3796875 0.338302752293578 0.0578125 0.14908256880733944
5 0.71953125 0.308562385321101 0.0984375 0.17660550458715596
5 0.83515625 0.3555045871559633 0.075 0.172018356238532
5 0.29765625 0.2947247706422018 0.0640625 0.1559633027522936
5 0.46640625 0.30619266055045874 0.0828125 0.1422018356238533
5 0.5453125 0.3142201835623854 0.0890625 0.21788990825688073
5 0.634375 0.2981651376146789 0.0765625 0.15137614678899083
5 0.78515625 0.5623853211009177 0.078125 0.2958715596330275
5 0.240625 0.26605504587155965 0.0546875 0.12155963302752294
5 0.05234375 0.32339449541284404 0.1046875 0.1628440366972477
5 0.04375 0.5045871559633027 0.08125 0.3165137614678899
5 0.07265625 0.27408256880733944 0.071875 0.1422018356238533
