5 0.5373333333333333 0.946 0.042666666666666665 0.108
5 0.9573333333333334 0.792 0.058666666666666666 0.144
5 0.3373333333333333 0.836 0.021333333333333333 0.022
5 0.5413333333333333 0.826 0.029333333333333333 0.042
5 0.47333333333333333 0.857 0.024 0.05
5 0.284 0.833 0.029333333333333333 0.046
5 0.12666666666666668 0.973 0.04533333333333334 0.054
5 0.852 0.966 0.11466666666666667 0.066
5 0.7706666666666667 0.785 0.09333333333333334 0.144
5 0.21333333333333335 0.889 0.034666666666666665 0.072
5 0.30666666666666664 0.844 0.024 0.05
5 0.5026666666666667 0.952 0.050666666666666665 0.096
5 0.8373333333333334 0.768 0.072 0.158