5 0.71953125 0.46905940594059403 0.146875 0.49257425742574257
5 0.44296875 0.32054455445544555 0.046875 0.19554455445544555
5 0.4515625 0.2376237623762376 0.028125 0.08168316831683169
5 0.58359375 0.21163366336633663 0.0296875 0.13861386138613863
5 0.52734375 0.14603960396039603 0.0296875 0.10155155155149
5 0.6046875 0.15222772277227722 0.028125 0.10643564356435643
5 0.86171875 0.4777227722772277 0.14375 0.3910891089108911
5 0.93125 0.3849009900990099 0.0546875 0.21287128712871287
5 0.07109375 0.33663366336633666 0.0625 0.09405940594059406
5 0.303125 0.1311881188118812 0.0203125 0.04207920792079208
5 0.271875 0.1349009900990099 0.0125 0.034653465346534656
5 0.284375 0.30816831683168316 0.053125 0.2103960396039604
5 0.18125 0.17202970297029702 0.0375 0.12128712871287128