5 0.471875 0.33761682242990654 0.1203125 0.4579439252336456
5 0.84296875 0.35630841121495327 0.10625 0.23130841121495327
5 0.6078125 0.8317757009345794 0.1703125 0.3107476635514019
5 0.6859375 0.7406542056074766 0.1734375 0.45560747663551404
5 0.47109375 0.8060747663551402 0.1953125 0.3878504672897196
5 0.32578125 0.800233645598131 0.2328125 0.37149532710280375
5 0.15234375 0.7698598130841121 0.178125 0.4602803738317757
5 0.0546875 0.804906542056075 0.109375 0.364559813084112
5 0.23515625 0.571495327102804 0.1421875 0.4205607476635514
5 0.40234375 0.579439252336456 0.1171875 0.42757009345794394
5 0.553125 0.5046728971962616 0.121875 0.20327102803738317
5 0.7 0.5327102803738317 0.090625 0.3060747663551402
5 0.5828125 0.2838785046728972 0.0734375 0.2219626168224299
