5 0.9015625 0.28125 0.0328125 0.08388157894736842
5 0.93984375 0.3314144736842105 0.0359375 0.0805921052631579
5 0.9265625 0.30098684210526316 0.01875 0.029605263157894735
5 0.9546875 0.2944078947368421 0.0375 0.03289473684210526
5 0.06328125 0.31332236842105265 0.01875 0.03618421052631579
5 0.85234375 0.31167763157894735 0.0140625 0.04111842105263158
5 0.86875 0.2837171052631579 0.0140625 0.01644736842105263
5 0.11953125 0.3050986842105263 0.0125 0.02138157894736842
5 0.0296875 0.29523026315789475 0.0125 0.02138157894736842
5 0.08671875 0.28125 0.0078125 0.01644736842105263
5 0.0734375 0.3050986842105263 0.015625 0.01644736842105263
5 0.94140625 0.2837171052631579 0.0078125 0.02467105263157895
5 0.12421875 0.27713815789473684 0.0046875 0.01644736842105263
