5 0.2581699346405229 0.5604575163398693 0.10294117647058823 0.28104575163398693
5 0.2638888888888889 0.6993464052287581 0.32679738562091504 0.46078431372549017
5 0.6004901960784313 0.5343137254901961 0.1715686274509804 0.24673202614379086
5 0.6936274509803921 0.696895425366013 0.2647058823529412 0.4934640522875817
5 0.29983660130718953 0.4125816993464052 0.04084967320261438 0.05065359477124183
5 0.47549019607843135 0.43790849673202614 0.07352941176470588 0.08986928104575163
5 0.7426470588235294 0.512091503267974 0.10294117647058823 0.1715686274509804
5 0.3014705882352941 0.5163398692810458 0.1013071895425366 0.204253660130719
5 0.4223856209150327 0.44281045751633985 0.06372549019607843 0.06862745098039216
5 0.39052287581699346 0.45588235294117646 0.08169934640522876 0.0866013071895425
5 0.5473856209150327 0.39950980392156865 0.04411764705882353 0.0457516339869281
5 0.19934640522875818 0.4477124183006536 0.05228758169934641 0.06045751633986928
5 0.5302287581699346 0.4656928104575165 0.05065359477124183 0.12254901960784313