5 0.703125 0.49414519906323184 0.0140625 0.08196721311475409
5 0.74453125 0.5175644028103045 0.03125 0.11943793911007025
5 0.71796875 0.496571194379391 0.015625 0.07962529274004684
5 0.67265625 0.5360655737704916 0.0203125 0.08665105386416862
5 0.60859375 0.477751756440281 0.0375 0.08196721311475409
5 0.08046875 0.512646370023419 0.0203125 0.08665105386416862
5 0.203125 0.46252927400468385 0.00625 0.0281030444965712
5 0.69296875 0.4929742388758782 0.0140625 0.07728337236533958
5 0.73515625 0.46955503512880564 0.0078125 0.02576112412177986
5 0.50078125 0.477751756440281 0.0265625 0.06791569086651054
5 0.61796875 0.5 0.009375 0.02576112412177986
5 0.6515625 0.5243559718969553 0.0359375 0.0843091335946135
5 0.72734375 0.477751756440281 0.0109375 0.0234192037470726