5 0.4426229508196721 0.54453125 0.49414519906323184 0.509375
5 0.5772833723653396 0.3984375 0.1217798595477751 0.1578125
5 0.3981264637002342 0.253125 0.14754098360655737 0.18125
5 0.2892271662763466 0.24453125 0.10772833723653395 0.1546875
5 0.7915690866510539 0.2421875 0.12646370023419204 0.1734375
5 0.90515222524356 0.23984375 0.18501170960187355 0.1921875
5 0.6416861826697893 0.175 0.1358313817330211 0.1953125
5 0.18032786885245902 0.13828125 0.1241217798595478 0.1234375
5 0.1721311475409836 0.221875 0.13114754098360656 0.1515625
5 0.2892271662763466 0.13359375 0.10070257611241218 0.1140625
5 0.5245901639344263 0.07109375 0.1288056206088993 0.1359375
5 0.04332552693208431 0.22421875 0.08665105386416862 0.1453125
5 0.7459016393442623 0.0703125 0.11943793911007025 0.1390625
