5 0.7775175644028103 0.7875 0.06088992974238876 0.0453125
5 0.14168618266978922 0.7734375 0.0444965711943794 0.0359375
5 0.413359461358314 0.74921875 0.0140515222524356 0.01875
5 0.10889929742388758 0.74765625 0.00936768149882904 0.01875
5 0.08313817330210772 0.746875 0.0117096018735363 0.0203125
5 0.0913359461358314 0.74765625 0.00702576112412178 0.01875
5 0.550351288056206 0.7546875 0.00936768149882904 0.0109375
5 0.0702576112412178 0.753125 0.0140515222524356 0.0125
5 0.07728337236533958 0.75078125 0.00702576112412178 0.003125
5 0.7892271662763466 0.74609375 0.01639344262295082 0.0203125
5 0.0316159250585501 0.746875 0.01639344262295082 0.01875