5 0.49375 0.7192307692307692 0.09375 0.22564102564102564
5 0.5609375 0.7256410256410256 0.096875 0.25384615384615383
5 0.984375 0.22692307692307692 0.03125 0.1358974358974359
5 0.7625 0.7384615384615385 0.103125 0.258974358974359
5 0.68125 0.735897435897436 0.1 0.25384615384615383
5 0.86640625 0.58717957179572 0.0375 0.087179571795718
5 0.95390625 0.52179571795718 0.0890625 0.2128205128205128
5 0.8359375 0.2076923076923077 0.0515625 0.15384615384615385
5 0.6 0.4256410256410256 0.0546875 0.17692307692307693
5 0.5609375 0.43205128205128207 0.096875 0.18205128205128204
5 0.43125 0.5012820512820513 0.065625 0.17179571795718
5 0.30546875 0.45717957179573 0.078125 0.2282051282051282
5 0.5578125 0.5205128205128206 0.05625 0.18461538461538463
