5 0.30703125 0.515625 0.084375 0.3
5 0.45703125 0.5354166666666667 0.084375 0.3
5 0.63984375 0.5260416666666666 0.0796875 0.26875
5 0.359375 0.515625 0.06875 0.3104166666666667
5 0.66328125 0.203125 0.0453125 0.1
5 0.60546875 0.15520833333333334 0.0578125 0.19791666666666666
5 0.509375 0.19270833333333334 0.0453125 0.12083333333333333
5 0.4921875 0.5166666666666667 0.065625 0.27708333333333335
5 0.41953125 0.475 0.05625 0.19166666666666668
5 0.57265625 0.171875 0.040625 0.16666666666666666
5 0.39296875 0.165625 0.0328125 0.14583333333333334