5 0.4375 0.6806167400881057 0.15 0.2643171806167401
5 0.55234375 0.589867841409692 0.1109375 0.21585903083700442
5 0.603125 0.524229075898678 0.0734375 0.11674008810572688
5 0.65 0.4911894273127753 0.08125 0.17400881057268722
5 0.30234375 0.31497797356828194 0.05625 0.16299559471365638
5 0.23203125 0.3350176211453744 0.040625 0.07929515418502203
5 0.16796875 0.3755506607929515 0.040625 0.07268722466960352
5 0.090625 0.41409691629955947 0.034375 0.0758986784140969
5 0.7390625 0.2356828193832599 0.05625 0.06387665198237885
5 0.75078125 0.28193832599118945 0.053125 0.06607929515418502
5 0.47265625 0.43281938325991187 0.0328125 0.04405286343612335
5 0.11328125 0.3237885462555066 0.0453125 0.06167400881057269
5 0.209375 0.3975770925110132 0.05 0.12555066079295155
