5 0.32578125 0.47735191637630664 0.153125 0.1759581881533101
5 0.0828125 0.5257839721254353 0.154375 0.16898954703832753
5 0.73671875 0.4912891986062718 0.0890625 0.13414634146341464
5 0.85859375 0.5519163763066203 0.1171875 0.1445993031358885
5 0.41328125 0.3998257839721254 0.140625 0.21254355400696864
5 0.5140625 0.39198606271777003 0.1125 0.23519163763066203
5 0.74921875 0.37805780578049 0.11875 0.2508710801393728
5 0.65390625 0.34146341463414637 0.090625 0.1445993031358885
5 0.69921875 0.5235191637630662 0.1859375 0.21080139372822299
5 0.4625 0.49564459930313587 0.1 0.17421602787456447
5 0.96015625 0.4695121951219512 0.0796875 0.10452961672473868
