5 0.2078125 0.677985954777517 0.109375 0.3359461358313816
5 0.10703125 0.11007025761124122 0.0296875 0.06791569086651054
5 0.17265625 0.5597189695550351 0.0234375 0.112412177985955
5 0.090625 0.5667447306791569 0.0375 0.1335946135831383
5 0.05546875 0.5690866510538641 0.0296875 0.14285714285714285
5 0.51328125 0.6112412177985949 0.1515625 0.3594613583138173
5 0.3609375 0.7072599531615925 0.15 0.2252435597189696
5 0.34375 0.5398126463700235 0.0203125 0.10772833723653395
5 0.11171875 0.5655737704918032 0.025 0.140515222524356
5 0.028125 0.572599531615925 0.054375 0.12646370023419204
5 0.40703125 0.46252927400468385 0.015625 0.05620608899297424
5 0.36953125 0.5023419203747073 0.0171875 0.0468384074941452
5 0.6296875 0.4566744730679157 0.015625 0.0351288056206089