5 0.35947712418300654 0.5514705882352942 0.09640522875816994 0.10784313725490197
5 0.7246732026143791 0.5727124183006536 0.026143790849673203 0.04084967320261438
5 0.5171568627450981 0.5743464052287581 0.0571895425366013 0.05392156862745098
5 0.3088235294117647 0.2973856209150327 0.04738562091503268 0.03758169934640523
5 0.5065359477124183 0.27941176470588236 0.04084967320261438 0.03431372549019608
5 0.204253660130719 0.6544117647058824 0.011437908496732025 0.03431372549019608
5 0.1601307189542535 0.6633986928104575 0.021241830065359478 0.0571895425366013
5 0.3619281045751634 0.2925366013071897 0.029411764705882353 0.03431372549019608
5 0.14297385620915032 0.660130718954254 0.03104575163398693 0.0866013071895425
5 0.1772875816993464 0.6756535947712419 0.021241830065359478 0.05228758169934641
5 0.19607843137254902 0.6715686274509803 0.021241830065359478 0.06372549019607843
