5 0.784375 0.5128805620608899 0.2953125 0.6697892271662763
5 0.95859375 0.46252927400468385 0.0703125 0.25995316159250587
5 0.39921875 0.49063231850117095 0.0625 0.2524355971896955
5 0.2328125 0.4765807962529274 0.0921875 0.1288056206088993
5 0.20078125 0.4918032786885246 0.0703125 0.26697892271662765
5 0.14765625 0.5234192037470726 0.059375 0.23185011709601874
5 0.0609375 0.5199063231850117 0.0578125 0.2154566744730679
5 0.81640625 0.4274004683840749 0.065625 0.17330210772833723
5 0.85625 0.4718969555035129 0.034375 0.1451990632318501
5 0.34765625 0.7283372365339579 0.3 0.40515222524356
5 0.35546875 0.5163934426229508 0.0203125 0.1030444965711944
5 0.009375 0.5292740046838408 0.01875 0.1241217798595478
5 0.9109375 0.5199063231850117 0.0125 0.0304449657119438