5 0.621875 0.5135416666666667 0.0203125 0.03125
5 0.3578125 0.5052083333333334 0.0125 0.027083333333333334
5 0.53046875 0.5864583333333333 0.0703125 0.17291666666666666
5 0.634375 0.5583333333333333 0.0234375 0.06875
5 0.38203125 0.51875 0.0109375 0.0375
5 0.596875 0.5958333333333333 0.0765625 0.18958333333333333
5 0.34609375 0.50625 0.0171875 0.0375
5 0.078125 0.5145833333333333 0.0390625 0.08333333333333333
5 0.03671875 0.509375 0.0234375 0.06666666666666667
5 0.05625 0.5 0.0171875 0.041666666666666664
5 0.6654375 0.5802083333333333 0.0359375 0.09583333333333334
5 0.646875 0.54375 0.0171875 0.035416666666666666
5 0.36796875 0.50625 0.0140625 0.035416666666666666