5 0.25078125 0.659583333333333 0.0125 0.014583333333333334
5 0.00011380624999999999 0.001915229166666667 0.0000818609375 0.00033702291666666664
5 0.5875 0.6625 0.0265625 0.09583333333333334
5 0.11328125 0.7520833333333333 0.0390625 0.09166666666666666
5 0.25546875 0.8729166666666667 0.0390625 0.13333333333333333
5 0.9640625 0.6875 0.0328125 0.06875
5 0.31875 0.6229166666666667 0.01875 0.01875
5 0.15390625 0.7916666666666666 0.0375 0.03333333333333333
5 0.18203125 0.9375 0.054375 0.0875
5 0.3171875 0.8729166666666667 0.065625 0.04583333333333333
5 0.97109375 0.6729166666666667 0.0375 0.05
5 0.61328125 0.6708333333333333 0.0234375 0.04375
5 0.240625 0.64375 0.0125 0.020833333333333332
