5 0.39921875 0.595833333333333 0.0859375 0.18958333333333333
5 0.39140625 0.653125 0.103125 0.23541666666666666
5 0.4953125 0.540625 0.0734375 0.3104166666666667
5 0.1515625 0.5239583333333333 0.0625 0.08958333333333333
5 0.3015625 0.475 0.0625 0.12291666666666666
5 0.64140625 0.5395833333333333 0.065625 0.22291666666666668
5 0.26953125 0.4635416666666667 0.025 0.09375
5 0.65078125 0.7822916666666667 0.1546875 0.275
5 0.9654375 0.45208333333333334 0.0328125 0.052083333333333336
5 0.553125 0.595833333333333 0.040625 0.15416666666666667
5 0.83671875 0.7572916666666667 0.2078125 0.27708333333333335
5 0.7984375 0.6677083333333333 0.09375 0.14375
5 0.77265625 0.6291666666666667 0.0578125 0.08958333333333333
