5 0.788563829787234 0.694 0.4122340425531915 0.584
5 0.5093085106382979 0.725 0.2234042553191593 0.528
5 0.40558510638297873 0.755 0.1223404255319159 0.476
5 0.2912234042553192 0.705 0.11702127659574468 0.326
5 0.16622340425531915 0.565 0.034574468085106384 0.096
5 0.11702127659574468 0.568 0.03191593617021274 0.074
5 0.02792553191593616 0.628 0.05585106382978723 0.162
5 0.340425531915936 0.595 0.0691593617021277 0.088
5 0.2579787234042553 0.537 0.026595744680851064 0.028
5 0.6502659574468085 0.59 0.08776595744680851 0.076
5 0.21010638297872342 0.576 0.03191593617021274 0.074
5 0.0598404255319149 0.561 0.03191593617021274 0.084
