5 0.725 0.5305780578058 0.0359375 0.24390243902439024
5 0.49453125 0.598373983739837 0.034375 0.0975609756097561
5 0.69140625 0.5101626016260162 0.0328125 0.21951219512195122
5 0.103125 0.53739837398374 0.0296875 0.13821138211382114
5 0.1359375 0.5833333333333334 0.0796875 0.3902439024390244
5 0.78046875 0.598373983739837 0.0375 0.21138211382113822
5 0.53984375 0.5772357723577236 0.0671875 0.32113821138211385
5 0.875 0.5577235772357724 0.059375 0.1910569105691057
5 0.93046875 0.45934959349593496 0.0328125 0.21138211382113822
5 0.97734375 0.4634146341463415 0.034375 0.24796747967479674
5 0.96328125 0.4573170731707317 0.0171875 0.22357723577235772
5 0.7421875 0.4959349593495935 0.0328125 0.21951219512195122