5 0.6086601307189542 0.3545751633986928 0.35947712418300654 0.40522875816993464
5 0.7197712418300654 0.6911764705882353 0.03758169934640523 0.07352941176470588
5 0.8129084967320261 0.6928104575163399 0.032679738562091505 0.03758169934640523
5 0.8660130718954249 0.690359477124183 0.021241830065359478 0.06045751633986928
5 0.923202614379085 0.6772875816993464 0.03431372549019608 0.08496732026143791
5 0.9558823529411765 0.6568627450980392 0.021241830065359478 0.04084967320261438
5 0.31290849673202614 0.7508169934640523 0.03431372549019608 0.06209150326797386
5 0.41830065359477125 0.7058823529411765 0.021241830065359478 0.04084967320261438
5 0.36437908496732024 0.7197712418300654 0.03758169934640523 0.06535947712418301
5 0.39215686274509803 0.7181372549019608 0.03104575163398693 0.06045751633986928
5 0.05555555555555555 0.49019607843137253 0.04738562091503268 0.12581699346405228