5 0.10078125 0.7207943925233645 0.2015625 0.5257009345794392
5 0.26640625 0.66939252336456 0.1890625 0.5584112149532711
5 0.3796875 0.36682242990654207 0.134375 0.2383177570093458
5 0.7109375 0.5478971962616822 0.171875 0.4462616822429907
5 0.8640625 0.5198598130841121 0.2171875 0.21495327102803738
5 0.0011416875 0.001821911214953271 0.0008416265625000001 0.0009660771028037383
5 0.628125 0.41238317757009346 0.1171875 0.273364559813084
5 0.25 0.3820093457943925 0.1453125 0.22429906542056074
5 0.02421875 0.39602803738317754 0.054375 0.18691588785046728
5 0.73671875 0.3586455981308414 0.1390625 0.1752336455981308
5 0.596875 0.33060747663551404 0.05625 0.10046728971962617
