5 0.28984375 0.3611111111111111 0.1125 0.425
5 0.509375 0.16527777777777777 0.059375 0.17222222222222222
5 0.7546875 0.3625 0.1375 0.4166666666666667
5 0.8515625 0.19444444444444445 0.071875 0.2111111111111111
5 0.28828125 0.09305555555555556 0.0390625 0.125
5 0.19453125 0.16944444444444445 0.0515625 0.2777777777777778
5 0.51953125 0.10416666666666667 0.0328125 0.09166666666666666
5 0.13359375 0.11666666666666667 0.04375 0.20277777777777778
5 0.01953125 0.16944444444444445 0.0390625 0.33611111111111114
5 0.25703125 0.15694444444444444 0.0296875 0.06388888888888888
