5 0.83203125 0.717149220599778 0.3359375 0.5657015590200446
5 0.66640625 0.34075723830734966 0.0390625 0.09799554565701558
5 0.73828125 0.344097995545657 0.0265625 0.09799554565701558
5 0.9515625 0.3418708240534521 0.0265625 0.12026726057906459
5 0.2515625 0.3363028953229399 0.1078125 0.2806236080178174
5 0.82578125 0.2828507795100223 0.0171875 0.026726057906458798
5 0.76796875 0.2861915367532964 0.015625 0.0200445434298441
5 0.78828125 0.28507795100222716 0.0109375 0.024498886414253896
5 0.81796875 0.2037861915367532 0.0109375 0.042316258351893093
5 0.940625 0.1269577505567928 0.0078125 0.02227171492205998
5 0.14765625 0.3285077951002227 0.0171875 0.05790645879732739
5 0.12421875 0.32516703786191536 0.0171875 0.0645879732739421
5 0.1359375 0.3273942093541203 0.015625 0.05790645879732739