5 0.321875 0.6812169312169312 0.0203125 0.037037037037037035
5 0.44921875 0.716931216931217 0.028125 0.04497354497354497
5 0.2421875 0.6124338624338624 0.0296875 0.03439153439153439
5 0.19296875 0.47354497354497355 0.009375 0.010582010582010581
5 0.18125 0.5582010582010583 0.0140625 0.013227513227513227
5 0.86640625 0.43253968253968256 0.0015625 0.021164021164021163
5 0.84453125 0.4193121693121693 0.0078125 0.023809523809523808
5 0.23359375 0.5793650793650794 0.009375 0.026455026455026454
5 0.4421875 0.8796296296296297 0.0765625 0.042328042328042326
5 0.39140625 0.45105820105820105 0.009375 0.005291005291005291
5 0.454375 0.49206349206349204 0.0046875 0.013227513227513227
5 0.20859375 0.49603174603174605 0.025 0.015873015873015872
