5 0.253125 0.7734375 0.06041666666666667 0.109375
5 0.159375 0.77890625 0.05416666666666667 0.13125
5 0.11875 0.7703125 0.04791666666666667 0.1078125
5 0.5072916666666667 0.84140625 0.1125 0.2734375
5 0.20833333333333334 0.78203125 0.05 0.1171875
5 0.07604166666666666 0.771875 0.04583333333333333 0.1109375
5 0.10104166666666667 0.72421875 0.020833333333333332 0.0296875
5 0.019791666666666666 0.771875 0.0375 0.1140625
5 0.18333333333333332 0.775 0.020833333333333332 0.1
5 0.3385416666666667 0.8654375 0.07291666666666667 0.1984375
5 0.05 0.7703125 0.03125 0.090625
5 0.4197916666666667 0.865625 0.16875 0.259375
5 0.13854166666666667 0.7265625 0.022916666666666665 0.021875