5 0.13671875 0.5514018691588785 0.23125 0.45560747663551404
5 0.5546875 0.4007009345794392 0.13125 0.3177570093457944
5 0.63984375 0.42406542056074764 0.1546875 0.40420560747663553
5 0.80390625 0.33761682242990654 0.109375 0.2429906542056075
5 0.66640625 0.11098130841121495 0.0203125 0.04205607476635514
5 0.24765625 0.42757009345794394 0.14375 0.4462616822429907
5 0.84609375 0.6869158878504673 0.303125 0.6051401869158879
5 0.20078125 0.142523364559813 0.090625 0.2850467289719626
5 0.27421875 0.08060747663551401 0.0578125 0.16121495327102803
5 0.4109375 0.142523364559813 0.04375 0.14018691588785046
5 0.059375 0.1927570093457944 0.065625 0.26401869158878505
5 0.30546875 0.2114559813084113 0.0640625 0.2967289719626168
5 0.415625 0.586455981308412 0.209375 0.5560747663551402