5 0.23984375 0.9059701492537313 0.040625 0.11343283582089553
5 0.525 0.8731343283582089 0.04375 0.12238805970149254
5 0.16328125 0.5850746268656717 0.0359375 0.09253731343283582
5 0.359375 0.7820895522388059 0.0328125 0.0955223880597015
5 0.078125 0.5970149253731343 0.0171875 0.08358208955223881
5 0.59140625 0.764179104477612 0.034375 0.11940298507462686
5 0.63203125 0.665671641791045 0.0296875 0.10149253731343283
5 0.09921875 0.5865671641791045 0.0203125 0.1044776119402985
5 0.35859375 0.5970149253731343 0.015625 0.07761194029850746
5 0.19140625 0.665671641791045 0.021875 0.10149253731343283
5 0.03828125 0.5940298507462687 0.0171875 0.09850746268656717
5 0.54375 0.8626865671641791 0.040625 0.09253731343283582
5 0.17734375 0.6522388059701493 0.021875 0.07462686567164178