5 0.04296875 0.6381733021077284 0.05 0.1288056206088993
5 0.08671875 0.640515222524356 0.054375 0.1241217798595478
5 0.5203125 0.4379391100702576 0.1734375 0.449657119437939
5 0.6609375 0.5714285714285714 0.0546875 0.15690866510538642
5 0.775 0.5714285714285714 0.0546875 0.222524355971897
5 0.1875 0.6194379391100703 0.03125 0.09836065573770492
5 0.721875 0.603044496571194 0.0765625 0.33021077283372363
5 0.4546875 0.617096018735363 0.0453125 0.16627634660421545
5 0.20546875 0.7259953161592506 0.0625 0.1053864168618267
5 0.14453125 0.6721311475409836 0.05625 0.1241217798595478
5 0.903125 0.45433255269320844 0.0875 0.1756440281030445
5 0.953125 0.5983606557377049 0.090625 0.693208430913359
5 0.265625 0.6264637002341921 0.03125 0.07259953161592506