5 0.50859375 0.5351288056206089 0.4671875 0.9063231850117096
5 0.61640625 0.1252927400468384 0.05 0.112412177985955
5 0.70390625 0.09718969555035128 0.059375 0.11943793911007025
5 0.41796875 0.1217798595477751 0.0609375 0.07962529274004684
5 0.03984375 0.21662763466042154 0.0796875 0.2177985954777517
5 0.46015625 0.1873536299765808 0.078125 0.11943793911007025
5 0.3296875 0.1885245901639344 0.0734375 0.34192037470725994
5 0.4515625 0.10655737704918032 0.0375 0.08899297423887588
5 0.3640625 0.08665105386416862 0.059375 0.17330210772833723
5 0.4390625 0.0500936768149883 0.065625 0.09601873536299765
5 0.96015625 0.1217798595477751 0.0796875 0.1335946135831383
5 0.95234375 0.3359461358313816 0.0921875 0.30210772833723654
