5 0.59375 0.550469535680751 0.1953125 0.38497652582159625
5 0.7265625 0.5833333333333334 0.1640625 0.3873239436619718
5 0.8796875 0.45774647887323944 0.1390625 0.24647887323943662
5 0.28515625 0.3345070422535211 0.0265625 0.09624413145539906
5 0.259375 0.3544600938967136 0.034375 0.04460093896713615
5 0.4171875 0.3626760563380282 0.0234375 0.04929577464788732
5 0.225 0.2511737089201878 0.028125 0.06807511737089202
5 0.41328125 0.31690140845070425 0.03125 0.07042253521126761
5 0.446875 0.31572769953051644 0.0296875 0.07746478873239436
5 0.89375 0.523943661971831 0.15625 0.3474178403755869
5 0.4296875 0.3615023474178404 0.0203125 0.04695356807511735
5 0.3234375 0.33568075117370894 0.0234375 0.09624413145539906
5 0.35625 0.323943661971831 0.01875 0.07746478873239436
