5 0.46796875 0.5822916666666667 0.2125 0.39375
5 0.67734375 0.546875 0.303125 0.8208333333333333
5 0.725 0.24270833333333333 0.075 0.1375
5 0.84921875 0.4197916666666667 0.109375 0.25833333333333336
5 0.5015625 0.32708333333333334 0.065625 0.30833333333333335
5 0.35625 0.2833333333333333 0.0421875 0.1625
5 0.2078125 0.23125 0.028125 0.041666666666666664
5 0.17265625 0.25833333333333336 0.028125 0.075
5 0.13828125 0.24166666666666667 0.021875 0.07083333333333333
5 0.29140625 0.26666666666666666 0.03125 0.04791666666666667
5 0.6625 0.21145833333333333 0.0234375 0.06041666666666667
5 0.39765625 0.31354166666666666 0.0203125 0.027083333333333334
5 0.03828125 0.23333333333333334 0.025 0.035416666666666666
