5 0.6 0.49166666666666664 0.7 0.9291666666666667
5 0.15625 0.49583333333333335 0.196875 0.8833333333333333
5 0.709375 0.35625 0.071875 0.19166666666666668
5 0.6609375 0.19375 0.040625 0.1125
5 0.653125 0.11041666666666666 0.05625 0.10833333333333334
5 0.3046875 0.22708333333333333 0.084375 0.17916666666666667
5 0.51875 0.14375 0.046875 0.1125
5 0.278125 0.38958333333333334 0.053125 0.20416666666666666
5 0.7453125 0.26666666666666666 0.059375 0.12083333333333333
5 0.721875 0.1875 0.059375 0.09583333333333334
5 0.6578125 0.38125 0.046875 0.1625
5 0.6359375 0.3 0.03125 0.09583333333333334
5 0.03125 0.26875 0.0625 0.1375