5 0.7729166666666667 0.7083333333333334 0.16666666666666666 0.25
5 0.6479166666666667 0.5680555555555555 0.10833333333333334 0.18611111111111112
5 0.5854166666666667 0.525 0.06666666666666667 0.18888888888888888
5 0.275 0.6277777777777778 0.20208333333333334 0.35833333333333334
5 0.296875 0.7791666666666667 0.29791666666666666 0.4361111111111111
5 0.6864583333333333 0.825 0.32916666666666666 0.35
5 0.340625 0.5388888888888889 0.07708333333333334 0.18055555555555555
5 0.44375 0.4791666666666667 0.1125 0.14722222222222223
5 0.8802083333333334 0.8097222222222222 0.23958333333333334 0.38055555555555554
5 0.296875 0.4777777777777778 0.11458333333333333 0.15833333333333333
5 0.6864583333333333 0.5 0.0875 0.07222222222222222
