5 0.37734375 0.6053864168618267 0.559375 0.779859547775175
5 0.5 0.2201405152225243 0.234375 0.4238875878220141
5 0.88203125 0.5655737704918032 0.2359375 0.7775175644028103
5 0.07109375 0.615925058550094 0.1421875 0.7587822014051522
5 0.1359375 0.37236533957845436 0.184375 0.4707259953161593
5 0.1375 0.18149882903981265 0.2140625 0.34192037470725994
5 0.67734375 0.14988290398126464 0.2109375 0.297423887587822
5 0.87578125 0.1756440281030445 0.2 0.351288056206089
5 0.23515625 0.0843091335946135 0.153125 0.1686182669789227
5 0.78046875 0.592505855009368 0.41875 0.779859547775175
5 0.33515625 0.26697892271662765 0.1375 0.4098360655737705