5 0.9125 0.5671875 0.175 0.2390625
5 0.05520833333333333 0.5609375 0.10833333333333334 0.196875
5 0.2708333333333333 0.52421875 0.13958333333333334 0.1296875
5 0.76875 0.5125 0.08333333333333333 0.0953125
5 0.665625 0.590625 0.09583333333333334 0.0734375
5 0.4791666666666667 0.4654375 0.08333333333333333 0.103125
5 0.8552083333333333 0.42109375 0.052083333333333336 0.0609375
5 0.796875 0.43125 0.05 0.046875
5 0.140625 0.52734375 0.14166666666666666 0.225
5 0.26145833333333335 0.5046875 0.10416666666666667 0.078125
5 0.9010416666666666 0.4140625 0.05416666666666667 0.05625
5 0.0019963333333333335 0.0007547859375 0.00017400208333333332 0.00011743125
5 0.35208333333333336 0.5154375 0.1 0.06875
