5 0.17109375 0.571764705882353 0.0328125 0.16
5 0.06328125 0.5376470588235294 0.04375 0.08
5 0.12265625 0.5776470588235294 0.0375 0.1811764705882353
5 0.10703125 0.5364705882352941 0.0234375 0.07294117647058823
5 0.0859375 0.5317647058823529 0.028125 0.08470588235294117
5 0.01796875 0.5376470588235294 0.0359375 0.08235294117647059
5 0.1546875 0.5305882352941177 0.0140625 0.0658823529411765
5 0.78125 0.52 0.0296875 0.05176470588235294
5 0.75 0.52 0.034375 0.06352941176470588
5 0.7984375 0.508235294117647 0.0265625 0.06352941176470588
5 0.69921875 0.52 0.0375 0.07529411764705882
