5 0.06640625 0.7871853546910755 0.08125 0.3180778032036613
5 0.10546875 0.6098398169336384 0.0890625 0.18306636155606407
5 0.11796875 0.5778032036613272 0.071875 0.17391304347826086
5 0.190625 0.5526315789473685 0.053125 0.2494279176201373
5 0.27421875 0.3924551258581237 0.0328125 0.15789473684210525
5 0.3421875 0.3924551258581237 0.0453125 0.18764302059496568
5 0.1796875 0.5446224256292906 0.0390625 0.10983981693363844
5 0.08515625 0.6338672768878718 0.1046875 0.18077803203661327
5 0.3125 0.40160183066361554 0.0328125 0.1281464530892456
5 0.571875 0.4530892455125857 0.05 0.07322654462242563
5 0.18046875 0.6613272311212814 0.0578125 0.2654462242562929