5 0.354375 0.5010416666666667 0.0546875 0.17708333333333334
5 0.74453125 0.384375 0.06875 0.10833333333333334
5 0.775 0.16458333333333333 0.0296875 0.0625
5 0.72578125 0.13020833333333334 0.025 0.05625
5 0.89609375 0.9770833333333333 0.034375 0.04583333333333333
5 0.14375 0.534375 0.0609375 0.15208333333333332
5 0.4154375 0.20520833333333333 0.0234375 0.04375
5 0.05234375 0.7260416666666667 0.04375 0.11458333333333333
5 0.3765625 0.203125 0.0328125 0.04583333333333333
5 0.3828125 0.12604166666666666 0.025 0.0625
5 0.40390625 0.12083333333333333 0.025 0.05416666666666667
5 0.8859375 0.9260416666666667 0.040625 0.058333333333333334
5 0.31875 0.128125 0.028125 0.058333333333333334
