5 0.0171875 0.8052083333333333 0.01875 0.0875
5 0.3328125 0.8104166666666667 0.0203125 0.0625
5 0.171875 0.6552083333333333 0.0109375 0.058333333333333334
5 0.2375 0.6625 0.015625 0.05416666666666667
5 0.32109375 0.675 0.00625 0.0375
5 0.49921875 0.7052083333333333 0.0109375 0.04375
5 0.50546875 0.6885416666666667 0.0078125 0.05
5 0.55625 0.68125 0.0078125 0.020833333333333332
5 0.621875 0.6979166666666666 0.0109375 0.041666666666666664
5 0.68046875 0.7052083333333333 0.009375 0.04583333333333333
5 0.053125 0.8083333333333333 0.0296875 0.08333333333333333
5 0.07109375 0.659583333333333 0.0125 0.052083333333333336
5 0.090625 0.9802083333333333 0.040625 0.03958333333333333
