5 0.311 0.5795795795795796 0.174 0.22522522522522523
5 0.867 0.7447447447447447 0.058 0.13813813813813813
5 0.616 0.7657657657657657 0.096 0.35135135135135137
5 0.526 0.7867867867867868 0.11 0.34234234234234234
5 0.944 0.5795795795795796 0.022 0.05105105105105105
5 0.668 0.6726726726726727 0.024 0.07507507507507508
5 0.307 0.7732732732732732 0.088 0.15915915915915915
5 0.675 0.6006006006006006 0.016 0.06906906906906907
5 0.979 0.6186186186186187 0.012 0.03903903903903904
5 0.988 0.6441441441441441 0.018 0.02702702702702703
5 0.631 0.6411411411411412 0.024 0.09309309309309309