5 0.0515625 0.69375 0.103125 0.325
5 0.95625 0.7072916666666667 0.0875 0.2625
5 0.39921875 0.6666666666666666 0.0578125 0.17291666666666666
5 0.51796875 0.7604166666666666 0.09375 0.4479166666666667
5 0.215625 0.6864583333333333 0.04375 0.20625
5 0.6125 0.6427083333333333 0.0609375 0.16458333333333333
5 0.68828125 0.68125 0.0578125 0.26458333333333334
5 0.56796875 0.6625 0.0359375 0.17916666666666667
5 0.5203125 0.71875 0.0734375 0.38125
5 0.3734375 0.6541666666666667 0.0296875 0.16875
5 0.31640625 0.6416666666666667 0.0703125 0.18125
5 0.01953125 0.65625 0.0390625 0.28541666666666665
5 0.1640625 0.6833333333333333 0.1046875 0.42916666666666664