5 0.0640625 0.598656565656 0.053125 0.256565656566
5 0.09296875 0.5689189189189189 0.0234375 0.13243243243243244
5 0.13046875 0.6013513513513513 0.054375 0.1837837837837838
5 0.22734375 0.598656565656 0.040625 0.0972972972972973
5 0.24609375 0.595945945945946 0.0453125 0.10270270270270271
5 0.25546875 0.5905405405405405 0.0328125 0.10270270270270271
5 0.27421875 0.5878378378378378 0.0375 0.10810810810810811
5 0.84140625 0.6216216216216216 0.05 0.23783783783783785
5 0.44375 0.49594594594594593 0.0171875 0.021621621621621623
5 0.20546875 0.6 0.0375 0.11351351351351352
5 0.74375 0.536565656564 0.0078125 0.03783783783783784
5 0.921875 0.6054054054054054 0.0375 0.12162162162162163