5 0.354 0.4141566265060241 0.096 0.262051927710843
5 0.962 0.8930722891566265 0.072 0.1897590361445783
5 0.632 0.37349397590361444 0.106 0.370519277108434
5 0.411 0.5768072289156626 0.178 0.37650602409638556
5 0.295 0.4789156626506024 0.068 0.1205192771084337
5 0.864 0.387051927710843 0.068 0.10240963855421686
5 0.952 0.551927710843374 0.094 0.37650602409638556
5 0.405 0.37198795180722893 0.058 0.17771084337349397
5 0.26 0.3509036144578313 0.08 0.1536144578313253
5 0.198 0.4246987951807229 0.078 0.286144578313253
5 0.111 0.3433734939759036 0.066 0.16566265060240964
5 0.021 0.33433734939759036 0.042 0.15060240963855423
5 0.525 0.39759036144578314 0.068 0.14759036144578314
