5 0.5354166666666667 0.4078125 0.15 0.4
5 0.5916666666666667 0.154375 0.125 0.25625
5 0.85 0.2671875 0.23333333333333334 0.396875
5 0.7979166666666667 0.1171875 0.14166666666666666 0.153125
5 0.9020833333333333 0.528125 0.19583333333333333 0.684375
5 0.9395833333333333 0.134375 0.09166666666666666 0.165625
5 0.25625 0.23125 0.12083333333333333 0.2875
5 0.16666666666666666 0.33125 0.20833333333333334 0.40625
5 0.39791666666666664 0.215625 0.12916666666666668 0.234375
5 0.058333333333333334 0.2453125 0.11666666666666667 0.3125
5 0.3375 0.184375 0.08333333333333333 0.228125
5 0.33958333333333335 0.5546875 0.37083333333333335 0.571875