5 0.51171875 0.22769953051643194 0.0984375 0.15492957746478872
5 0.1015625 0.6901408450704225 0.2 0.5915492957746479
5 0.190625 0.6584507042253521 0.1703125 0.6056338028169014
5 0.0013760625000000001 0.0015403403755868544 0.0003728765625 0.0016141525821596245
5 0.771875 0.6208920187793427 0.125 0.3732394366197183
5 0.665625 0.45539906103286387 0.0953125 0.2652582159624413
5 0.33203125 0.43779342723004694 0.0765625 0.24647887323943662
5 0.37890625 0.29577464788732394 0.06875 0.2230046953568075
5 0.65625 0.3086854460093897 0.125 0.319258262910798
5 0.6078125 0.2887323943661972 0.0578125 0.215962441314554
5 0.3953125 0.3955399061032864 0.0796875 0.22065727699530516
5 0.39609375 0.176056338028169 0.0859375 0.20422535211267606
5 0.2921875 0.4765258215962441 0.146875 0.47183098591549294
