5 0.525 0.615625 0.0796875 0.18125
5 0.7203125 0.596875 0.06875 0.20833333333333334
5 0.659375 0.634375 0.0671875 0.12291666666666666
5 0.10234375 0.45625 0.0375 0.11666666666666667
5 0.396875 0.9260416666666667 0.2171875 0.11875
5 0.0009333015625 0.0018473749999999998 0.00022724531250000002 0.00047191875
5 0.0014133796875 0.0015765833333333333 0.0002982421875 0.0009713104166666666
5 0.21953125 0.946875 0.15 0.10625
5 0.70859375 0.8416666666666667 0.0859375 0.1375
5 0.55625 0.8791666666666667 0.0703125 0.20208333333333334
5 0.0007626468749999999 0.001954166666666667 0.00014038125 0.00026983541666666667
5 0.62265625 0.41458333333333336 0.0234375 0.03125