5 0.471875 0.8407494145199064 0.090625 0.2857142857142857
5 0.80625 0.8512880562060889 0.0625 0.2693208430913349
5 0.86640625 0.5819672131147541 0.028125 0.117096018735363
5 0.94609375 0.5269320843091335 0.025 0.09601873536299765
5 0.79453125 0.6475409836065574 0.034375 0.18266978922716628
5 0.8375 0.5960187353629977 0.028125 0.16627634660421545
5 0.51796875 0.6662763466042154 0.053125 0.1990632318501171
5 0.92109375 0.5199063231850117 0.0296875 0.11007025761124122
5 0.58203125 0.551522252435597 0.025 0.10772833723653395
5 0.97265625 0.5035128805620609 0.021875 0.07962529274004684
5 0.765625 0.9531615925058547 0.053125 0.0936768149882904
5 0.80703125 0.750585500936768 0.0640625 0.1451990632318501
5 0.884375 0.5538641686182669 0.0125 0.07259953161592506