5 0.38046875 0.6760416666666667 0.0546875 0.275
5 0.29140625 0.6833333333333333 0.08125 0.30416666666666664
5 0.7154375 0.5666666666666667 0.015625 0.027083333333333334
5 0.65390625 0.6833333333333333 0.065625 0.2708333333333333
5 0.82109375 0.5864583333333333 0.0328125 0.07083333333333333
5 0.5640625 0.684375 0.0734375 0.25
5 0.9154375 0.7916666666666666 0.103125 0.40208333333333335
5 0.6203125 0.6114583333333333 0.03125 0.13125
5 0.7203125 0.7052083333333333 0.059375 0.2604166666666667
5 0.68046875 0.5958333333333333 0.025 0.06875
5 0.4328125 0.61875 0.0421875 0.15625
5 0.45234375 0.7208333333333333 0.0796875 0.29583333333333334
5 0.84296875 0.7885416666666667 0.0703125 0.3020833333333333