5 0.052083333333333336 0.2765625 0.08125 0.15
5 0.5739583333333333 0.1654375 0.014583333333333334 0.04375
5 0.36875 0.18828125 0.04375 0.078125
5 0.5541666666666666 0.19375 0.035416666666666666 0.0765625
5 0.4625 0.1984375 0.025 0.0671875
5 0.41770833333333335 0.19921875 0.03125 0.0671875
5 0.42916666666666664 0.17890625 0.014583333333333334 0.0421875
5 0.6 0.171875 0.014583333333333334 0.03125
5 0.396875 0.1921875 0.022916666666666665 0.0671875
5 0.728125 0.14765625 0.0125 0.028125
5 0.1 0.17578125 0.04375 0.03125
5 0.5510416666666667 0.17421875 0.020833333333333332 0.059375
5 0.6322916666666667 0.14375 0.0125 0.0140625
