5 0.20234375 0.351288056206089 0.071875 0.20374707259953162
5 0.33984375 0.34192037470725994 0.05625 0.112412177985955
5 0.3640625 0.3360655737704918 0.01875 0.1053864168618267
5 0.3546875 0.29508196721311475 0.0125 0.03278688524590164
5 0.759375 0.6733021077283372 0.2359375 0.4215456674473068
5 0.77890625 0.34543325526932084 0.04375 0.112412177985955
5 0.4328125 0.28688524590163933 0.015625 0.0444965711943794
5 0.75 0.3325526932084309 0.065625 0.11007025761124122
5 0.68828125 0.3185011709601874 0.0265625 0.07494145199063232
5 0.51875 0.3185011709601874 0.0328125 0.053864168618266976
5 0.64140625 0.29156908665105385 0.0203125 0.08899297423887588
5 0.72421875 0.2939110070257611 0.0140625 0.0281030444965712
5 0.7140625 0.2962529274004684 0.0125 0.03278688524590164