5 0.22578125 0.5105882352941177 0.454375 0.9576470588235294
5 0.43984375 0.52 0.4390625 0.9270588235294117
5 0.58671875 0.5411764705882353 0.2890625 0.8894117647058823
5 0.7390625 0.46705882352941175 0.221875 0.5623529411764706
5 0.6765625 0.20823529411764705 0.0328125 0.09411764705882353
5 0.90859375 0.37529411764705883 0.1328125 0.5341176470588235
5 0.9453125 0.2647058823529412 0.109375 0.5035294117647059
5 0.83203125 0.31882352941176473 0.1984375 0.2
5 0.66015625 0.5164705882352941 0.24375 0.7764705882352941
5 0.86328125 0.1523529411764705 0.0921875 0.2164705882352941
5 0.778125 0.2752941176470588 0.0953125 0.2258823529411765
