5 0.93203125 0.3734439834025963 0.0546875 0.0995850622406639
5 0.75 0.523651452282158 0.054375 0.2635547717842324
5 0.271875 0.5684647302904564 0.115625 0.3112033195020747
5 0.16171875 0.532157676355477 0.0765625 0.2697095435684647
5 0.1046875 0.4719917012451327 0.04375 0.1037344398340249
5 0.07734375 0.557551867219918 0.125 0.3070539419087137
5 0.015625 0.5850622406639004 0.0296875 0.282157676355477
5 0.80234375 0.544398340259627 0.0609375 0.2219917012451327
5 0.21171875 0.49896265560165975 0.01875 0.06431535269709543
5 0.69296875 0.43568464730290457 0.0453125 0.1452282157676357
5 0.6328125 0.4284232365145228 0.06875 0.13900414937759337
5 0.70234375 0.402596265560166 0.021875 0.06431535269709543
5 0.98125 0.41286307053941906 0.0375 0.16597510373443983