5 0.38125 0.4182242990654206 0.1359375 0.31542056074766356
5 0.15859375 0.4462616822429907 0.0609375 0.07476635514018691
5 0.2109375 0.44509345794392524 0.059375 0.07710280373831775
5 0.4734375 0.4672897196261682 0.040625 0.12149532710280374
5 0.001539734375 0.001045425233645598 0.0000455328125 0.000359929906542056
5 0.10234375 0.45560747663551404 0.04375 0.05841121495327103
5 0.06328125 0.477803738317757 0.05 0.10514018691588785
5 0.028125 0.571495327102804 0.034375 0.09813084112149532
5 0.01328125 0.536455981308414 0.025 0.10747663551401869
5 0.23828125 0.425233645598131 0.0171875 0.0864559813084112
5 0.14375 0.441588785046729 0.0109375 0.035046728971962614
5 0.9609375 0.46845794392523366 0.028125 0.07009345794392523
5 0.9578125 0.41705607476635514 0.025 0.04205607476635514
