5 0.9375 0.46588235294117647 0.125 0.4
5 0.8578125 0.4258823529411765 0.1078125 0.3788235294117647
5 0.64609375 0.5611764705882353 0.20625 0.55235294117647
5 0.62578125 0.3764705882352941 0.0984375 0.20470588235294118
5 0.5671875 0.3270588235294118 0.128125 0.2
5 0.478125 0.28705882352941176 0.0890625 0.1411764705882353
5 0.37578125 0.3176470588235294 0.075 0.17176470588235293
5 0.33515625 0.3411764705882353 0.05625 0.16941176470588235
5 0.26953125 0.43058823529411766 0.09375 0.29411764705882354
5 0.68359375 0.2411764705882353 0.0796875 0.15529411764705883
5 0.22421875 0.5976470588235294 0.254375 0.6635294117647059
5 0.0921875 0.42705882352941177 0.0890625 0.3411764705882353
5 0.37578125 0.17411764705882352 0.0453125 0.05176470588235294
