5 0.52890625 0.6791569086651054 0.0453125 0.2459016393442623
5 0.13203125 0.65807962529274 0.040625 0.2524355971896955
5 0.16015625 0.6721311475409836 0.0421875 0.2412177985954777
5 0.23125 0.6826697892271663 0.054375 0.281030444965712
5 0.3171875 0.6733021077283372 0.0578125 0.2524355971896955
5 0.36171875 0.6697892271662763 0.0328125 0.2388758782201405
5 0.39765625 0.667447306791569 0.046875 0.25526932084309134
5 0.7875 0.5690866510538641 0.046875 0.058550093676815
5 0.5828125 0.6768149882903981 0.05625 0.2529274004683841
5 0.503125 0.5679156908665105 0.021875 0.07494145199063232
5 0.4390625 0.6709601873536299 0.0390625 0.24355971896955503
5 0.5671875 0.6639344262295082 0.040625 0.25995316159250587
5 0.384375 0.5538641686182669 0.0296875 0.0702576112412178