5 0.55390625 0.3191094619666053 0.3203125 0.49907235621521334
5 0.28984375 0.12059369202226346 0.071875 0.23562152133580705
5 0.1359375 0.14471243042671614 0.0703125 0.2245979591836735
5 0.878125 0.1437847866419295 0.0671875 0.1966605237476808
5 0.84296875 0.12337662337662338 0.0296875 0.21150278293135436
5 0.71015625 0.09183673469387756 0.071875 0.12987012987012986
5 0.54375 0.10296846011131726 0.0421875 0.11317254174397032
5 0.08203125 0.1567717996289425 0.0796875 0.22077922077922077
5 0.81875 0.12523191094619665 0.0390625 0.19505195051951
5 0.25078125 0.1122459795918367 0.034375 0.03896103896103896
5 0.77734375 0.06957328385899815 0.0625 0.07606679035250463
5 0.39453125 0.18738404452690166 0.075 0.3562152133580705