5 0.5421875 0.38626126126126126 0.0921875 0.24774774774774774
5 0.59140625 0.41103603603603606 0.0859375 0.3400900900900901
5 0.50234375 0.36936936936936937 0.040625 0.24549549549549549
5 0.62421875 0.17792792792792791 0.054375 0.12162162162162163
5 0.221875 0.2916666666666667 0.0125 0.07882882882882883
5 0.50546875 0.16891891891891891 0.015625 0.036036036036036036
5 0.528125 0.17229729729729729 0.028125 0.03153153153153153
5 0.671875 0.17004504504504506 0.0421875 0.13288288288288289
5 0.59296875 0.156565656566 0.0203125 0.0518018018018018
5 0.56015625 0.19369369369369369 0.040625 0.11261261261261261
5 0.25078125 0.27927927927927926 0.0203125 0.038288288288288286
