5 0.3446261682242991 0.6154375 0.06074766355140187 0.0640625
5 0.6670560747663551 0.73828125 0.2383177570093458 0.234375
5 0.0829439252336456 0.63359375 0.08411214953271028 0.2578125
5 0.3422897196261682 0.6953125 0.1892523364559812 0.1734375
5 0.3586455981308414 0.64375 0.13317757009345793 0.0875
5 0.2546728971962617 0.6828125 0.20327102803738317 0.1734375
5 0.8177570093457944 0.759375 0.3014018691588785 0.1125
5 0.5677570093457944 0.73203125 0.16822429906542055 0.2265625
5 0.5934579439252337 0.56171875 0.035046728971962614 0.0625
5 0.6717289719626168 0.56171875 0.03271028037383177 0.0578125
5 0.7406542056074766 0.54921875 0.0397196261682243 0.0390625
