5 0.04765625 0.6635416666666667 0.0953125 0.5270833333333333
5 0.37265625 0.271875 0.025 0.07083333333333333
5 0.8234375 0.5375 0.09375 0.2125
5 0.15390625 0.5895833333333333 0.1328125 0.49583333333333335
5 0.296875 0.32708333333333334 0.034375 0.11875
5 0.2 0.3145833333333333 0.0359375 0.11666666666666667
5 0.74375 0.5104166666666666 0.08125 0.18333333333333332
5 0.92421875 0.5229166666666667 0.1390625 0.18958333333333333
5 0.315625 0.30104166666666665 0.025 0.1125
5 0.65859375 0.43333333333333335 0.0703125 0.21458333333333332
5 0.41953125 0.28229166666666666 0.034375 0.052083333333333336
5 0.284375 0.41458333333333336 0.0609375 0.08333333333333333
