5 0.68359375 0.28337236533957844 0.090625 0.21311475409836064
5 0.4654375 0.23770491803278687 0.0828125 0.234192037470726
5 0.0154375 0.31733021077283374 0.0296875 0.15690866510538642
5 0.2265625 0.10421545667447307 0.0640625 0.19437939110070257
5 0.6546875 0.02459016393442623 0.0703125 0.04918032786885246
5 0.06640625 0.639344262295082 0.1 0.42857142857142855
5 0.17578125 0.0281030444965712 0.0546875 0.05620608899297424
5 0.59375 0.0444965711943794 0.04375 0.08899297423887588
5 0.3 0.117096018735363 0.0828125 0.23185011709601874
5 0.94609375 0.0913359461358314 0.05625 0.18266978922716628
5 0.10546875 0.27400468384074944 0.0875 0.2388758782201405
5 0.87578125 0.0954777517564402 0.075 0.18969555035128804