5 0.209375 0.5737704918032787 0.1125 0.3114754098360656
5 0.3625 0.6252927400468384 0.0890625 0.40046838407494145
5 0.4546875 0.6194379391100703 0.0578125 0.3559718969555035
5 0.5515625 0.5995316159250585 0.046875 0.351288056206089
5 0.6265625 0.5831381733021077 0.0671875 0.3325526932084309
5 0.71015625 0.5807962529274004 0.0765625 0.3559718969555035
5 0.81953125 0.5644028103044496 0.0515625 0.28337236533957844
5 0.76953125 0.5807962529274004 0.0546875 0.2857142857142857
5 0.94765625 0.5702576112412178 0.084375 0.2903981264637002
5 0.50625 0.639344262295082 0.109375 0.3957845433255269
5 0.84453125 0.5796252927400468 0.05 0.23653395784543327
5 0.66796875 0.5772833723653396 0.040625 0.28337236533957844