5 0.0625 0.24479166666666666 0.090625 0.35208333333333336
5 0.0007057609375 0.0015964416666666666 0.0003107421875 0.0009737854166666667
5 0.209375 0.7541666666666667 0.1765625 0.595833333333333
5 0.14765625 0.59375 0.1671875 0.7875
5 0.240625 0.365625 0.1078125 0.39166666666666666
5 0.1453125 0.209375 0.1328125 0.175
5 0.33046875 0.22604166666666667 0.125 0.32083333333333336
5 0.509375 0.19479166666666667 0.090625 0.18125
5 0.42734375 0.3854166666666667 0.19375 0.40208333333333335
5 0.68203125 0.5854166666666667 0.2546875 0.7895833333333333
5 0.734375 0.21041666666666667 0.1109375 0.25
5 0.6984375 0.12083333333333333 0.06875 0.14791666666666667
5 0.3953125 0.28229166666666666 0.1390625 0.3104166666666667
