5 0.9171875 0.594613583138173 0.1109375 0.52225243559719
5 0.790625 0.5187353629976581 0.11875 0.45901639344262296
5 0.778125 0.5737704918032787 0.0703125 0.33021077283372363
5 0.67578125 0.6065573770491803 0.0734375 0.28337236533957844
5 0.58359375 0.629976580796253 0.128125 0.3911007025761124
5 0.57734375 0.373536299765808 0.1140625 0.281030444965712
5 0.354375 0.6112412177985949 0.1671875 0.3583138173302108
5 0.42734375 0.5644028103044496 0.075 0.31381733021077285
5 0.50078125 0.5971896955503513 0.0828125 0.36768149882903983
5 0.53671875 0.55954777517564 0.0515625 0.1288056206088993
5 0.12421875 0.5339578454332553 0.0515625 0.19672131147540983
5 0.08515625 0.603044496571194 0.128125 0.38173302107728335
5 0.4453125 0.3793911007025761 0.0890625 0.2524355971896955