5 0.08203125 0.5105386416861827 0.1609375 0.9391100702576113
5 0.4390625 0.6112412177985949 0.375 0.7775175644028103
5 0.3859375 0.07377049180327869 0.11875 0.14754098360655737
5 0.5515625 0.09718969555035128 0.0796875 0.140515222524356
5 0.8578125 0.08899297423887588 0.1625 0.1779859547775176
5 0.696875 0.0913359461358314 0.203125 0.1779859547775176
5 0.25234375 0.46955503512880564 0.159375 0.9391100702576113
5 0.49375 0.07845433255269321 0.1109375 0.15690866510538642
5 0.94140625 0.0936768149882904 0.1171875 0.1873536299765808
5 0.4109375 0.0515222524355972 0.05 0.1030444965711944
