5 0.29453125 0.6536885245901639 0.1921875 0.6536885245901639
5 0.80078125 0.6536885245901639 0.19375 0.6475409836065574
5 0.13125 0.6290983606557377 0.0796875 0.3668032786885246
5 0.5609375 0.5604508196721312 0.054375 0.09221311475409837
5 0.02421875 0.5573770491803278 0.054375 0.09631147540983606
5 0.6515625 0.6342213114754098 0.0953125 0.3729508196721312
5 0.5875 0.5317622950819673 0.015625 0.02459016393442623
5 0.571875 0.5163934426229508 0.015625 0.02459016393442623
5 0.034375 0.5153688524590164 0.0140625 0.02459016393442623
5 0.05078125 0.5317622950819673 0.0171875 0.02459016393442623
5 0.521875 0.5256147540983607 0.0171875 0.01639344262295082