5 0.25703125 0.7308558558558559 0.14375 0.4954954954954955
5 0.38046875 0.7376126126126126 0.140625 0.4954954954954955
5 0.5109375 0.7466216216216216 0.1359375 0.5067567567567568
5 0.0010063109375 0.0017055495495495497 0.0002135984375 0.0010934076576576577
5 0.7703125 0.7567567567567568 0.1375 0.5423423423423423
5 0.75859375 0.5146396396396397 0.1171875 0.34459459459459457
5 0.64375 0.5761261261261263 0.11875 0.30405405405405406
5 0.4140625 0.49211711711711714 0.1140625 0.33783783783783783
5 0.3078125 0.5045045045045045 0.1015625 0.32657657657657657
5 0.18984375 0.6497747747747747 0.121875 0.6193693693693694
5 0.53046875 0.4519819819819817 0.1265625 0.3063063063063063