5 0.054375 0.5511551155115512 0.0453125 0.24092409240924093
5 0.153125 0.5973597359735974 0.1125 0.33003300330033003
5 0.5984375 0.5462046204620462 0.165625 0.40594059405940597
5 0.87421875 0.5033003300330033 0.1265625 0.429042904290429
5 0.821875 0.4966996699669967 0.1015625 0.38613861386138615
5 0.38046875 0.5297029702970297 0.0359375 0.18151815181518152
5 0.69296875 0.37458745874587457 0.028125 0.15841584158415842
5 0.665625 0.37458745874587457 0.03125 0.16501650165016502
5 0.6203125 0.3927392739273927 0.025 0.15841584158415842
5 0.57578125 0.351851851852 0.0296875 0.0594059405940594
5 0.33671875 0.4158415841584158 0.0296875 0.0627062706270627
5 0.32890625 0.5759075907590759 0.084375 0.37293729372937295
5 0.2765625 0.4900990099009901 0.0171875 0.052805280528052806