5 0.0234375 0.870023419203747 0.0421875 0.17096018735362997
5 0.21015625 0.8711943793911007 0.0359375 0.14988290398126464
5 0.046875 0.8583138173302107 0.0265625 0.17330210772833723
5 0.84765625 0.8266978922716628 0.009375 0.0351288056206089
5 0.8890625 0.8243559718969555 0.0109375 0.0304449657119438
5 0.89765625 0.8266978922716628 0.009375 0.01873536299765808
5 0.93046875 0.819672131147541 0.009375 0.03981264637002342
5 0.71015625 0.8138173302107728 0.0125 0.01639344262295082
5 0.678125 0.832552693208431 0.0078125 0.0281030444965712
5 0.8796875 0.8138173302107728 0.0078125 0.0304449657119438
5 0.72734375 0.8290398126463701 0.0078125 0.03278688524590164
5 0.640625 0.8313817330210773 0.009375 0.0351288056206089
5 0.954375 0.8266978922716628 0.0078125 0.0140515222524356