5 0.205 0.8129139072847682 0.128 0.3708609271523179
5 0.352 0.8096026490066225 0.144 0.3576158940397351
5 0.474 0.7880794701986755 0.132 0.3344370860927152
5 0.588 0.793046357615894 0.144 0.31456953642384106
5 0.719 0.7864238410596026 0.126 0.31456953642384106
5 0.837 0.804635761589404 0.126 0.32781456953642385
5 0.829 0.5745033112582781 0.082 0.304635761589404
5 0.73 0.6307947019867549 0.132 0.38741721854304634
5 0.684 0.550132450331126 0.078 0.23841059602649006
5 0.173 0.28642384105960267 0.106 0.3543046357615894
5 0.247 0.38741721854304634 0.094 0.24503311258278146
5 0.905 0.6788079470198676 0.086 0.46688741721854304
5 0.61 0.5728476821192053 0.082 0.3609271523178808