5 0.153125 0.5395833333333333 0.1171875 0.6
5 0.84921875 0.6229166666666667 0.0859375 0.38333333333333336
5 0.23125 0.5385416666666667 0.103125 0.44166666666666665
5 0.30546875 0.47291666666666665 0.125 0.5416666666666666
5 0.40546875 0.47708333333333336 0.109375 0.49166666666666664
5 0.56015625 0.47708333333333336 0.1 0.575
5 0.640625 0.5020833333333333 0.11875 0.49166666666666664
5 0.82578125 0.5291666666666667 0.1375 0.5729166666666666
5 0.590625 0.5020833333333333 0.090625 0.4583333333333333
5 0.70078125 0.49270833333333336 0.18125 0.5604166666666667
5 0.18515625 0.37604166666666666 0.14375 0.20416666666666666
