5 0.33046875 0.5737704918032787 0.0140625 0.0468384074941452
5 0.83125 0.8711943793911007 0.065625 0.250585500936768
5 0.64765625 0.7728337236533958 0.0375 0.1873536299765808
5 0.609375 0.7189695550351288 0.0203125 0.07962529274004684
5 0.53984375 0.6943793911007026 0.0328125 0.053864168618266976
5 0.4359375 0.6791569086651054 0.01875 0.07259953161592506
5 0.97421875 0.7740046838407494 0.0515625 0.11007025761124122
5 0.596875 0.8126463700234192 0.0234375 0.11475409836065574
5 0.57890625 0.7576112412177985 0.046875 0.15456674473067916
5 0.18359375 0.49414519906323184 0.0046875 0.01639344262295082
5 0.534375 0.7704918032786885 0.0359375 0.11475409836065574
5 0.77109375 0.843091335946136 0.054375 0.2154566744730679
5 0.754375 0.8138173302107728 0.025 0.17096018735362997