5 0.6507009345794392 0.91015625 0.028037383177570093 0.0578125
5 0.43457943925233644 0.8890625 0.007009345794392523 0.0109375
5 0.5607476635514018 0.88828125 0.02102803738317757 0.0234375
5 0.25116822429906543 0.91015625 0.04205607476635514 0.0828125
5 0.2803738317757009 0.87734375 0.016355140186915886 0.015625
5 0.2967289719626168 0.87578125 0.014018691588785047 0.01875
5 0.3492990654205608 0.87734375 0.011682242990654205 0.021875
5 0.37383177570093457 0.8796875 0.016355140186915886 0.028125
5 0.4077102803738318 0.88203125 0.014018691588785047 0.021875
5 0.4567757009345794 0.884375 0.014018691588785047 0.0328125
5 0.5268691588785047 0.88984375 0.02102803738317757 0.0203125
5 0.18341121495327103 0.89921875 0.053738317757009345 0.08125
5 0.739559813084113 0.89609375 0.011682242990654205 0.028125