5 0.3 0.6057471264367816 0.103125 0.35172413793103446
5 0.340625 0.3988505747126437 0.103125 0.24367816091954023
5 0.53515625 0.4068965517241379 0.1015625 0.25517241379310346
5 0.896875 0.4574712643678161 0.1234375 0.372413793103453
5 0.86328125 0.8183908045977012 0.1765625 0.345275862068966
5 0.63671875 0.8114942528735632 0.153125 0.367816091954023
5 0.46875 0.613793103452759 0.1140625 0.393103452758621
5 0.61953125 0.5436781609195402 0.1015625 0.2827586206896552
5 0.12265625 0.7701149425287356 0.154375 0.4160919540229885
5 0.24921875 0.832183908045977 0.1828125 0.3080459770114943
5 0.39140625 0.828735632183908 0.1546875 0.331034527586207
5 0.54140625 0.8149425287356322 0.1515625 0.3264367816091954
5 0.70546875 0.5850574712643678 0.084375 0.3241379310345274
