5 0.7353629976580797 0.37578125 0.3255269320843091 0.2359375
5 0.4426229508196721 0.73828125 0.1288056206088993 0.0875
5 0.6475409836065574 0.81015625 0.10070257611241218 0.065625
5 0.0019201007025761124 0.0014505375 0.0002530585500936766 0.0002239265625
5 0.9110070257611241 0.940625 0.10070257611241218 0.11875
5 0.7166276346604216 0.82734375 0.08665105386416862 0.0453125
5 0.23302107728337237 0.675 0.07728337236533958 0.096875
5 0.550093676814989 0.7890625 0.07962529274004684 0.1078125
5 0.16393442622950818 0.58359375 0.16393442622950818 0.2375
5 0.594613583138173 0.80078125 0.06088992974238876 0.0734375
5 0.058550093676815 0.6 0.112412177985955 0.115625
5 0.572599531615925 0.840625 0.07494145199063232 0.06875
5 0.2798595477751754 0.7078125 0.07494145199063232 0.0609375