5 0.8640625 0.6822916666666666 0.1359375 0.10208333333333333
5 0.2078125 0.7697916666666667 0.11875 0.17083333333333334
5 0.5546875 0.5479166666666667 0.0375 0.05416666666666667
5 0.5765625 0.5114583333333333 0.0234375 0.1
5 0.54296875 0.5177083333333333 0.03125 0.09583333333333334
5 0.60078125 0.5510416666666667 0.05625 0.07291666666666667
5 0.671875 0.5479166666666667 0.0265625 0.04375
5 0.47578125 0.5270833333333333 0.01875 0.07083333333333333
5 0.359375 0.49895833333333334 0.021875 0.041666666666666664
5 0.0015513921874999999 0.0011973083333333334 0.0000222171875 0.00007682291666666666
5 0.854375 0.5375 0.00625 0.0125
5 0.3734375 0.51875 0.0125 0.01875
5 0.3359375 0.5104166666666666 0.015625 0.029166666666666667
