5 0.20390625 0.43192582629108 0.0921875 0.24413145539906103
5 0.3078125 0.14906103286384975 0.0203125 0.0539906103286385
5 0.16015625 0.11971830985915492 0.015625 0.04460093896713615
5 0.496875 0.5826291079812206 0.0734375 0.22065727699530516
5 0.3875 0.34624413145539906 0.034375 0.12206572769953052
5 0.8203125 0.547417840375587 0.078125 0.21830985915492956
5 0.80859375 0.36502347417840375 0.0453125 0.11032863849765258
5 0.4296875 0.280516431925826 0.0421875 0.08450704225352113
5 0.7375 0.24413145539906103 0.0234375 0.08450704225352113
5 0.88515625 0.2230046953568075 0.0328125 0.06338028169014084
5 0.7171875 0.1572769953051643 0.028125 0.04929577464788732
5 0.440625 0.176056338028169 0.0171875 0.0539906103286385
5 0.45546875 0.19131455399061034 0.021875 0.07042253521126761
