5 0.67890625 0.7125 0.0890625 0.2604166666666667
5 0.95703125 0.6604166666666667 0.040625 0.15208333333333332
5 0.96796875 0.61875 0.0328125 0.09791666666666667
5 0.934375 0.6458333333333334 0.0203125 0.15208333333333332
5 0.19375 0.715625 0.01875 0.16666666666666666
5 0.99453125 0.65625 0.0109375 0.15
5 0.9765625 0.65 0.015625 0.15416666666666667
5 0.90859375 0.65 0.03125 0.1375
5 0.8921875 0.659583333333333 0.01875 0.12708333333333333
5 0.21328125 0.721875 0.04375 0.18125
5 0.07734375 0.6427083333333333 0.0265625 0.07083333333333333
5 0.246875 0.6885416666666667 0.01875 0.05
5 0.1546875 0.703125 0.05625 0.21875