5 0.1265625 0.14583333333333334 0.0765625 0.18958333333333333
5 0.234375 0.13854166666666667 0.16875 0.20625
5 0.353125 0.13333333333333333 0.08125 0.19583333333333333
5 0.4171875 0.13020833333333334 0.06875 0.20416666666666666
5 0.51640625 0.13333333333333333 0.1265625 0.19375
5 0.7953125 0.22083333333333333 0.0578125 0.22291666666666668
5 0.94609375 0.184375 0.078125 0.14583333333333334
5 0.7328125 0.2125 0.0875 0.3145833333333333
5 0.64609375 0.178125 0.05 0.12708333333333333
5 0.590625 0.16354166666666667 0.040625 0.13541666666666666
5 0.840625 0.18958333333333333 0.0421875 0.08333333333333333
5 0.95 0.2375 0.1 0.26666666666666666
5 0.909375 0.15729166666666666 0.05 0.07083333333333333