5 0.5541310541310541 0.262 0.4045584045584046 0.326
5 0.10826210826210826 0.837 0.10541310541310542 0.098
5 0.452991452991453 0.732 0.1225071225071225 0.078
5 0.6951566951566952 0.664 0.11396011396011396 0.064
5 0.6068376068376068 0.681 0.11965811965811966 0.096
5 0.05433054330543 0.868 0.09686609686609686 0.11
5 0.3789173789173789 0.737 0.05982905982905983 0.088
5 0.9686609686609686 0.594 0.06267806267806268 0.138
5 0.792022792022792 0.627 0.1339031339031339 0.074
5 0.7336182336182336 0.638 0.08262108262108261 0.078
5 0.6396011396011396 0.654 0.06552706552706553 0.05
5 0.33475783475783477 0.767 0.07122507122507123 0.068