5 0.69921875 0.7427083333333333 0.1921875 0.5333333333333334
5 0.43125 0.6020833333333333 0.0203125 0.06666666666666667
5 0.60703125 0.5791666666666667 0.009375 0.016666666666666666
5 0.971875 0.6322916666666667 0.025 0.022916666666666665
5 0.82421875 0.5979166666666667 0.0125 0.04375
5 0.95390625 0.6302083333333334 0.015625 0.025
5 0.97890625 0.6010416666666667 0.009375 0.03125
5 0.95859375 0.5864583333333333 0.009375 0.01875
5 0.94765625 0.5895833333333333 0.0125 0.027083333333333334
5 0.80546875 0.6104166666666667 0.0140625 0.027083333333333334
5 0.9296875 0.584375 0.0078125 0.03125
5 0.38359375 0.6125 0.021875 0.052083333333333336
5 0.93984375 0.6260416666666667 0.015625 0.03125