5 0.58359375 0.4223529411764706 0.18125 0.49176470588235294
5 0.12421875 0.5105882352941177 0.11875 0.4235294117647059
5 0.06015625 0.4964705882352941 0.1203125 0.4235294117647059
5 0.121875 0.8941176470588236 0.1375 0.21176470588235294
5 0.50078125 0.8705882352941177 0.153125 0.25882352941176473
5 0.51640625 0.8047058823529412 0.275 0.36470588235294116
5 0.854375 0.9458823529411765 0.1125 0.10823529411764705
5 0.840625 0.7529411764705882 0.065625 0.1411764705882353
5 0.60625 0.7894117647058824 0.1296875 0.2988235294117647
5 0.1515625 0.7376470588235294 0.1953125 0.2611764705882353
5 0.1890625 0.9341176470588235 0.128125 0.13176470588235295
5 0.0004447140625 0.002166755294117647 0.00014987812499999998 0.00037237411764705884
5 0.25 0.7705882352941177 0.1078125 0.1623529411764706