5 0.226 0.5405405405405406 0.074 0.24324324324324326
5 0.392 0.575075075075075 0.092 0.24624624624624625
5 0.973 0.21021021021021022 0.05 0.1921921921921922
5 0.55 0.09759759759759759 0.072 0.18618618618618618
5 0.632 0.5885885885885885 0.106 0.24624624624624625
5 0.524 0.5990990990990991 0.082 0.23723723723723725
5 0.053 0.08558558558558559 0.044 0.17117117117117117
5 0.324 0.036036036036036036 0.038 0.07207207207207207
5 0.39 0.057057057057057055 0.058 0.1111111111111111
5 0.599 0.042042042042042045 0.028 0.08408408408408409
5 0.58 0.5780780780780781 0.076 0.24624624624624625
5 0.466 0.5945945945945946 0.058 0.23123123123123124
5 0.435 0.5720720720720721 0.072 0.25825825825825827