5 0.78125 0.4083333333333333 0.0453125 0.12083333333333333
5 0.3515625 0.6270833333333333 0.159375 0.6
5 0.4375 0.4947916666666667 0.1 0.32916666666666666
5 0.51171875 0.43125 0.028125 0.11875
5 0.5828125 0.54375 0.0546875 0.2625
5 0.1609375 0.615625 0.31875 0.7645833333333333
5 0.79609375 0.3770833333333333 0.015625 0.04375
5 0.8078125 0.378125 0.015625 0.05416666666666667
5 0.73359375 0.37395833333333334 0.009375 0.035416666666666666
5 0.68828125 0.390625 0.0078125 0.03333333333333333
5 0.80390625 0.3729166666666667 0.00625 0.027083333333333334
