5 0.05078125 0.6041666666666666 0.03125 0.15
5 0.19296875 0.6027777777777777 0.0359375 0.175
5 0.50078125 0.5583333333333333 0.0109375 0.06666666666666667
5 0.528125 0.5625 0.0125 0.07777777777777778
5 0.9453125 0.5777777777777777 0.0203125 0.09444444444444444
5 0.7703125 0.5513888888888889 0.0125 0.05555555555555555
5 0.74453125 0.5513888888888889 0.0109375 0.06111111111111111
5 0.7125 0.5708333333333333 0.01875 0.08055555555555556
5 0.1015625 0.5708333333333333 0.0265625 0.08055555555555556
5 0.0328125 0.5513888888888889 0.0140625 0.044444444444444446
5 0.6109375 0.5638888888888889 0.015625 0.06111111111111111
5 0.646875 0.575 0.0109375 0.07777777777777778
5 0.454375 0.55 0.0140625 0.05