5 0.599 0.5465465465465466 0.172 0.4264264264264264
5 0.534 0.7657657657657657 0.264 0.4444444444444444
5 0.701 0.3783783783783784 0.058 0.3183183183183183
5 0.157 0.7882882882882883 0.3 0.42342342342342343
5 0.849 0.7807807807807807 0.186 0.43243243243243246
5 0.459 0.6321321321321322 0.112 0.4084084084084084
5 0.959 0.08108108108108109 0.056 0.10510510510510511
5 0.257 0.274774774774775 0.056 0.26126126126126126
5 0.309 0.7462462462462462 0.178 0.56565656565
5 0.15 0.51981981981982 0.076 0.11711711711711711
5 0.052 0.5855855855855856 0.074 0.5315315315315315
5 0.118 0.21621621621621623 0.054 0.07207207207207207
5 0.172 0.3963963963963964 0.114 0.2882882882882883