5 0.4453125 0.47240618101545256 0.103125 0.4746136865342163
5 0.8171875 0.3432671081677704 0.0765625 0.2119205298013245
5 0.57890625 0.304635761589404 0.053125 0.18543046357615894
5 0.30546875 0.31346578366445915 0.075 0.22075055187637968
5 0.1654375 0.6258278145695364 0.3296875 0.5827814569536424
5 0.9140625 0.3598233995584989 0.0875 0.3200883002207506
5 0.66328125 0.5607064017660044 0.3796875 0.8498896247240618
5 0.0703125 0.4216335540838852 0.103125 0.143578587196468
5 0.2265625 0.3167770419426056 0.0875 0.16114790286975716
5 0.43828125 0.30022075055187636 0.096875 0.2097130242825607
5 0.35546875 0.2737306843267108 0.0375 0.11258278145695365
5 0.3796875 0.2902869757174393 0.0609375 0.1280353200883002
5 0.1375 0.3090507726269316 0.121875 0.17660044150110377