5 0.61796875 0.373536299765808 0.171875 0.26229508196721313
5 0.634375 0.7037470725995316 0.0078125 0.04918032786885246
5 0.33984375 0.7447306791569087 0.0234375 0.058550093676815
5 0.37265625 0.6826697892271663 0.0109375 0.0234192037470726
5 0.38984375 0.6826697892271663 0.009375 0.01873536299765808
5 0.42109375 0.6861826697892272 0.009375 0.0234192037470726
5 0.6703125 0.7388758782201406 0.028125 0.053864168618266976
5 0.71796875 0.734192037470726 0.0171875 0.06557377049180328
5 0.7546875 0.6850117096018735 0.009375 0.0304449657119438
5 0.346875 0.7868852459016393 0.040625 0.06323185011709602
5 0.4921875 0.6967213114754098 0.0109375 0.03747072599531616
5 0.2921875 0.7131147540983607 0.0078125 0.04215456674473068
5 0.40390625 0.6885245901639344 0.0078125 0.01639344262295082