5 0.33021077283372363 0.43359375 0.0304449657119438 0.075
5 0.2962529274004684 0.43671875 0.0444965711943794 0.084375
5 0.2693208430913349 0.43203125 0.0304449657119438 0.075
5 0.6370023419203747 0.4421875 0.06791569086651054 0.084375
5 0.20725995316159251 0.55234375 0.05620608899297424 0.1625
5 0.1756440281030445 0.42109375 0.03278688524590164 0.0390625
5 0.11475409836065574 0.565625 0.17330210772833723 0.3421875
5 0.37822014051522246 0.42734375 0.02576112412177986 0.05
5 0.19789227166276346 0.42109375 0.0304449657119438 0.0390625
5 0.24941451990632318 0.428125 0.01873536299765808 0.03125
5 0.0500936768149883 0.46875 0.06088992974238876 0.1375
5 0.4098360655737705 0.41953125 0.02107728337236534 0.0453125