5 0.823 0.5106666666666667 0.258 0.21333333333333335
5 0.88 0.604 0.24 0.19466666666666665
5 0.747 0.292 0.028 0.064
5 0.967 0.30933333333333335 0.066 0.17066666666666666
5 0.853 0.28 0.058 0.10933333333333334
5 0.95 0.43733333333333335 0.1 0.16
5 0.823 0.412 0.064 0.16266666666666665
5 0.815 0.30133333333333334 0.032 0.032
5 0.915 0.244 0.036 0.04
5 0.708 0.296 0.02 0.06933333333333333
5 0.873 0.852 0.254 0.29333333333333333
5 0.919 0.29733333333333334 0.062 0.07466666666666667
5 0.947 0.36 0.076 0.09866666666666667