5 0.49065420560747663 0.6078125 0.443925233645598 0.6453125
5 0.5899532710280374 0.18125 0.07009345794392523 0.0515625
5 0.439252336455981 0.18515625 0.06074766355140187 0.0421875
5 0.3469626168224299 0.20234375 0.06542056074766354 0.05
5 0.258317757009346 0.20859375 0.07242990654205607 0.08125
5 0.204439252336456 0.22109375 0.07242990654205607 0.0671875
5 0.1764018691588785 0.12890625 0.04906542056074766 0.0546875
5 0.08995327102803738 0.07265625 0.09813084112149532 0.0765625
5 0.3808411214953271 0.0654375 0.0514018691588785 0.0359375
5 0.6577102803738317 0.62734375 0.13317757009345793 0.1078125
5 0.6927570093457944 0.23125 0.04672897196261682 0.04375
5 0.7464953271028038 0.36171875 0.06074766355140187 0.0640625
5 0.7838785046728972 0.40625 0.079439252336456 0.0734375