5 0.7762762762762763 0.653 0.25225225225225223 0.25
5 0.37987987987987987 0.479 0.12612612612612611 0.224
5 0.545045045045045 0.428 0.1021021021021021 0.062
5 0.6006006006006006 0.407 0.018018018018018018 0.046
5 0.2957957957957958 0.4 0.057057057057057055 0.056
5 0.32432432432432434 0.478 0.1111111111111111 0.15
5 0.47297297297297297 0.433 0.07507507507507508 0.158
5 0.45045045045045046 0.408 0.036036036036036036 0.086
5 0.4339339339339339 0.393 0.018018018018018018 0.032
5 0.02252252252252252 0.579 0.03903903903903904 0.418
5 0.5540540540540541 0.357 0.009009009009009009 0.012
5 0.509009009009009 0.396 0.036036036036036036 0.05