5 0.3171875 0.5202127659574468 0.2984375 0.6
5 0.371875 0.3627659574468085 0.154375 0.2765957446808511
5 0.62109375 0.5723404255319147 0.36875 0.6106382978723405
5 0.0625 0.2478723404255319 0.125 0.4957446808510638
5 0.634375 0.0574468085106383 0.05625 0.115936170212766
5 0.6375 0.41702127659574467 0.209375 0.4787234042553192
5 0.88671875 0.25 0.2140625 0.4978723404255319
5 0.19296875 0.17127659574468085 0.171875 0.342553191593617
5 0.3234375 0.0723404255319159 0.128125 0.14468085106382977
5 0.1046875 0.06595744680851064 0.0578125 0.12978723404255318
