5 0.28828125 0.625 0.046875 0.09375
5 0.8796875 0.6479166666666667 0.0328125 0.11041666666666666
5 0.86171875 0.6916666666666667 0.034375 0.07291666666666667
5 0.74375 0.6208333333333333 0.025 0.07291666666666667
5 0.4546875 0.4739583333333333 0.034375 0.04583333333333333
5 0.77734375 0.409375 0.03125 0.07708333333333334
5 0.109375 0.4479166666666667 0.03125 0.0625
5 0.18515625 0.271875 0.028125 0.06041666666666667
5 0.71796875 0.6260416666666667 0.025 0.041666666666666664
5 0.8 0.6552083333333333 0.0234375 0.052083333333333336
5 0.771875 0.18854166666666666 0.01875 0.05
5 0.93671875 0.43645833333333334 0.0375 0.07916666666666666
5 0.8296875 0.646875 0.034375 0.0875
