5 0.59609375 0.3446261682242991 0.0359375 0.0443925233645598
5 0.3234375 0.3317757009345794 0.0328125 0.06542056074766354
5 0.246875 0.2932242990654206 0.028125 0.07009345794392523
5 0.2453125 0.17757009345794392 0.028125 0.04205607476635514
5 0.46015625 0.39369158878504673 0.1609375 0.4929906542056075
5 0.246875 0.20677570093457945 0.01875 0.0397196261682243
5 0.82265625 0.375 0.05625 0.14018691588785046
5 0.63828125 0.3329439252336456 0.028125 0.06074766355140187
5 0.575 0.33761682242990654 0.01875 0.06074766355140187
5 0.5453125 0.33060747663551404 0.0421875 0.07009345794392523
5 0.7375 0.3235981308411215 0.0375 0.079439252336456
5 0.728125 0.2850467289719626 0.0265625 0.05841121495327103
5 0.7654375 0.28154205607476634 0.0296875 0.04906542056074766
