5 0.211 0.58 0.078 0.27466666666666667
5 0.496 0.512 0.088 0.232
5 0.32 0.5493333333333333 0.076 0.17066666666666666
5 0.477 0.24266666666666667 0.04 0.09066666666666667
5 0.218 0.12933333333333333 0.038 0.088
5 0.304 0.424 0.054 0.16266666666666665
5 0.253 0.18266666666666667 0.038 0.08533333333333333
5 0.291 0.15066666666666667 0.04 0.09066666666666667
5 0.261 0.5533333333333334 0.032 0.037333333333333336
5 0.277 0.06266666666666666 0.056 0.08266666666666667
5 0.302 0.06533333333333333 0.05 0.07466666666666667
5 0.42 0.184 0.032 0.072
5 0.4 0.19733333333333333 0.034 0.088