5 0.71015625 0.8708333333333333 0.1734375 0.23125
5 0.4375 0.8208333333333333 0.08125 0.30833333333333335
5 0.71171875 0.6885416666666667 0.028125 0.12291666666666666
5 0.75078125 0.6833333333333333 0.0375 0.13125
5 0.3609375 0.659375 0.0265625 0.08541666666666667
5 0.77265625 0.665625 0.025 0.0875
5 0.73515625 0.65625 0.021875 0.1
5 0.79609375 0.6427083333333333 0.0171875 0.05625
5 0.78671875 0.6302083333333334 0.009375 0.029166666666666667
5 0.70546875 0.6447916666666667 0.0140625 0.05
5 0.771875 0.61875 0.0109375 0.022916666666666665
5 0.7154375 0.625 0.0078125 0.014583333333333334
5 0.6421875 0.6041666666666666 0.00625 0.027083333333333334
