5 0.225 0.7333333333333333 0.136 0.5226666666666666
5 0.599 0.5813333333333334 0.02 0.09333333333333334
5 0.507 0.6226666666666667 0.054 0.22666666666666666
5 0.547 0.6226666666666667 0.086 0.2906666666666667
5 0.816 0.5653333333333334 0.036 0.104
5 0.86 0.58 0.054 0.184
5 0.96 0.608 0.07 0.3333333333333333
5 0.334 0.628 0.062 0.17866666666666667
5 0.834 0.556 0.014 0.06666666666666667
5 0.753 0.5293333333333333 0.01 0.037333333333333336
5 0.676 0.5706666666666667 0.016 0.07466666666666667
5 0.65 0.528 0.004 0.02666666666666667
5 0.661 0.5346666666666666 0.01 0.034666666666666665