5 0.1734375 0.661925601750547 0.1546875 0.676157964989059
5 0.36640625 0.44091903719912473 0.01875 0.06345733041575492
5 0.64765625 0.4431072210065646 0.01875 0.05908096280087528
5 0.81875 0.46936542669584247 0.03125 0.12253829321663019
5 0.896875 0.45951859956236324 0.0109375 0.03282275711159737
5 0.91875 0.45951859956236324 0.0234375 0.05908096280087528
5 0.0765625 0.447535886214442 0.04375 0.06345733041575492
5 0.43828125 0.4277899343545576 0.0125 0.03063457330415755
5 0.01171875 0.46061269146608314 0.0140625 0.0525164113785558
5 0.5078125 0.5350109409190372 0.0734375 0.29321663019693656
