5 0.86328125 0.45643153526970953 0.0703125 0.16390041493775934
5 0.33671875 0.4211618257261411 0.021875 0.08506224066390042
5 0.3609375 0.41286307053941906 0.0171875 0.03319502074688797
5 0.9734375 0.4066390041493776 0.0125 0.043568464730290454
5 0.40703125 0.4087136929460581 0.00625 0.02282157676355476
5 0.77109375 0.40352697095435686 0.0078125 0.03319502074688797
5 0.39609375 0.4066390041493776 0.0046875 0.0186721991701245
5 0.78515625 0.398340259626556 0.0109375 0.03112033195020747
5 0.91875 0.38900414937759337 0.0109375 0.0186721991701245
5 0.92578125 0.3962655601659751 0.0078125 0.02282157676355476
5 0.946875 0.4076763554771784 0.0109375 0.03112033195020747
5 0.44609375 0.40560165975103735 0.0140625 0.016597510373443983
5 0.80703125 0.40560165975103735 0.0078125 0.026970954356846474