5 0.74765625 0.5702830188679247 0.0390625 0.08018867924528301
5 0.79296875 0.4658018867924528 0.078125 0.14622641509433962
5 0.859375 0.46226415094339623 0.04375 0.13443396226415094
5 0.97109375 0.5566037735849056 0.0328125 0.2783018867924528
5 0.803125 0.4988207547169811 0.0375 0.0660377358490566
5 0.92421875 0.5023584905660378 0.059375 0.1957547169811321
5 0.8875 0.47287735849056606 0.028125 0.10613207547169812
5 0.68046875 0.5542452830188679 0.05625 0.25707547169811323
5 0.2546875 0.4693396226415094 0.046875 0.08726415094339622
5 0.4154375 0.4339622641509434 0.1421875 0.5707547169811321
5 0.30390625 0.45990566037735847 0.021875 0.06132075471698113
5 0.34140625 0.47995283018867924 0.03125 0.049528301886792456
5 0.759375 0.44221698113207547 0.0296875 0.08726415094339622