5 0.40625 0.74765625 0.025 0.059375
5 0.18854166666666666 0.74453125 0.04375 0.071875
5 0.8322916666666667 0.73046875 0.027083333333333334 0.0359375
5 0.8166666666666667 0.75703125 0.016666666666666666 0.015625
5 0.7864583333333334 0.74453125 0.01875 0.0453125
5 0.13125 0.7546875 0.010416666666666666 0.0171875
5 0.8354166666666667 0.7546875 0.008333333333333333 0.021875
5 0.06875 0.7515625 0.008333333333333333 0.0109375
5 0.040625 0.7515625 0.004166666666666667 0.009375
5 0.08541666666666667 0.75078125 0.00625 0.009375
