5 0.33671875 0.5107655502392344 0.2375 0.3038277511961722
5 0.97890625 0.4437799043062201 0.0265625 0.045454545454545456
5 0.1703125 0.2225803827751196 0.0046875 0.019138755980861243
5 0.22109375 0.2225803827751196 0.009375 0.02631578947368421
5 0.559375 0.5203349282296651 0.021875 0.02631578947368421
5 0.05 0.6244019138755981 0.009375 0.03827751196172249
5 0.2109375 0.2236842105263158 0.00625 0.0167464115325359
5 0.0046875 0.6507177033492823 0.009375 0.0358851674641153
5 0.95546875 0.5564593301435405 0.025 0.12679425837320574
5 0.9921875 0.568421052631579 0.015625 0.12440191387559808
5 0.04140625 0.6208133971291866 0.0078125 0.03110047846889952
5 0.009375 0.6555023923444976 0.003125 0.028708133971291867
5 0.90078125 0.056220095693779906 0.0046875 0.0167464115325359
