5 0.4186666666666667 0.475 0.624 0.788
5 0.08933333333333333 0.152 0.12533333333333332 0.152
5 0.328 0.162 0.136 0.18
5 0.44266666666666665 0.178 0.14133333333333334 0.168
5 0.096 0.293 0.18933333333333333 0.256
5 0.6573333333333333 0.179 0.13866666666666666 0.166
5 0.7893333333333333 0.184 0.13066666666666665 0.152
5 0.9226666666666666 0.172 0.144 0.178
5 0.5146666666666667 0.082 0.144 0.136
5 0.76 0.111 0.10933333333333334 0.174
5 0.2946666666666667 0.067 0.128 0.134
5 0.84 0.353 0.216 0.286
5 0.544 0.168 0.10933333333333334 0.134