5 0.145 0.26 0.168 0.20266666666666666
5 0.677 0.32133333333333336 0.03 0.10933333333333334
5 0.531 0.32266666666666666 0.024 0.128
5 0.772 0.324 0.036 0.13333333333333333
5 0.51 0.316 0.034 0.12533333333333332
5 0.602 0.33466666666666667 0.018 0.10933333333333334
5 0.672 0.2653333333333333 0.01 0.032
5 0.722 0.312 0.02 0.09333333333333334
5 0.959 0.2773333333333333 0.03 0.058666666666666666
5 0.447 0.31866666666666665 0.03 0.096
5 0.49 0.29333333333333333 0.02 0.05333333333333334
5 0.578 0.332 0.028 0.10933333333333334