5 0.86171875 0.4373040752351097 0.0265625 0.11285266457680251
5 0.90546875 0.43260188087774293 0.0265625 0.07523510971786834
5 0.83359375 0.4780564263322884 0.0296875 0.14733542319749215
5 0.146875 0.3887147335423197 0.040625 0.09404388714733543
5 0.1390625 0.39655172413793105 0.0328125 0.07523510971786834
5 0.925 0.43260188087774293 0.015625 0.06896551724137931
5 0.954375 0.42946708463949845 0.015625 0.047021943573667714
5 0.29375 0.5360501567398119 0.071875 0.11912225705329153
5 0.9640625 0.4122257053291536 0.015625 0.04075235109717868
5 0.896875 0.4310345275862066 0.021875 0.0877742946708464
5 0.825 0.4717868338557994 0.01875 0.1536050156739812