5 0.71640625 0.39479166666666665 0.0546875 0.07708333333333334
5 0.396875 0.49895833333333334 0.1375 0.35833333333333334
5 0.64375 0.303125 0.046875 0.08125
5 0.21015625 0.37083333333333335 0.0453125 0.08958333333333333
5 0.51171875 0.4979166666666667 0.103125 0.35625
5 0.809375 0.39166666666666666 0.0421875 0.058333333333333334
5 0.6015625 0.26145833333333335 0.0515625 0.08333333333333333
5 0.08203125 0.371875 0.040625 0.07916666666666666
5 0.7359375 0.140625 0.0453125 0.075
5 0.59921875 0.0625 0.03125 0.06458333333333334
5 0.67421875 0.19583333333333333 0.0375 0.06458333333333334
5 0.25703125 0.375 0.046875 0.09166666666666666
5 0.71640625 0.17916666666666667 0.046875 0.04791666666666667
