5 0.5015625 0.8329439252336449 0.09375 0.2803738317757009
5 0.69453125 0.852803738317757 0.0640625 0.2570093457943925
5 0.63046875 0.741822429906542 0.0234375 0.06775700934579439
5 0.9015625 0.733645598130841 0.015625 0.03271028037383177
5 0.4046875 0.7406542056074766 0.0234375 0.06542056074766354
5 0.6 0.735130841121495 0.0140625 0.0630841121495327
5 0.9390625 0.719626168224299 0.0171875 0.0443925233645598
5 0.740625 0.8656542056074766 0.090625 0.252336455981308
5 0.77578125 0.830607476635514 0.0515625 0.24766355140186916
5 0.84453125 0.8247663551401869 0.0671875 0.2102803738317757
5 0.5984375 0.875 0.05625 0.17289719626168223
5 0.96015625 0.7313084112149533 0.015625 0.03271028037383177
