5 0.4171875 0.657119437939111 0.3703125 0.6627634660421545
5 0.00125133125 0.0016438969555035128 0.0006223390625 0.0013920983606557377
5 0.1578125 0.6627634660421545 0.3109375 0.6463700234192038
5 0.2109375 0.5562060889929742 0.09375 0.35362997658079626
5 0.61875 0.5023419203747073 0.109375 0.2857142857142857
5 0.2890625 0.446135831381733 0.0953125 0.1335946135831383
5 0.70859375 0.43676814988290397 0.053125 0.13114754098360656
5 0.69375 0.5243559718969553 0.0796875 0.10772833723653395
5 0.75234375 0.4379391100702576 0.06875 0.140515222524356
5 0.1765625 0.444965711943794 0.0578125 0.16627634660421545
5 0.02265625 0.49765807962529274 0.04375 0.1335946135831383
