5 0.628125 0.8260416666666667 0.0734375 0.27291666666666664
5 0.534375 0.8125 0.04375 0.23333333333333334
5 0.41796875 0.790625 0.046875 0.21666666666666667
5 0.26640625 0.73125 0.0578125 0.11041666666666666
5 0.30859375 0.7458333333333333 0.0234375 0.16875
5 0.37734375 0.6947916666666667 0.025 0.05625
5 0.4203125 0.684375 0.0234375 0.058333333333333334
5 0.1890625 0.7697916666666667 0.04375 0.19791666666666666
5 0.72109375 0.84375 0.06875 0.25833333333333336
5 0.10625 0.7291666666666666 0.0640625 0.1125
5 0.2154375 0.69375 0.03125 0.07708333333333334
5 0.23359375 0.7645833333333333 0.046875 0.19791666666666666
5 0.29296875 0.7708333333333334 0.0359375 0.18333333333333332
