5 0.35390625 0.56870897155361 0.05 0.24070021881838075
5 0.68203125 0.45951859956236324 0.0359375 0.18599562363238512
5 0.65390625 0.4562363238512035 0.040625 0.16630196936542668
5 0.82890625 0.6728665207877462 0.184375 0.6542669584245077
5 0.56953125 0.4442013129102845 0.0296875 0.1575492341356674
5 0.6078125 0.454051400437637 0.0296875 0.16411378555798686
5 0.7359375 0.4726477024070022 0.0390625 0.19693654266958424
5 0.88828125 0.5 0.05625 0.24070021881838075
5 0.5828125 0.43763676157965 0.0234375 0.12691466083150985
5 0.54765625 0.47045951859956237 0.0578125 0.2100656455142232
5 0.30234375 0.4529540514004375 0.053125 0.15536105032822758
5 0.071875 0.4638949671772429 0.054375 0.1838074398249453
5 0.26015625 0.4452954051400437 0.0328125 0.12691466083150985