5 0.6015625 0.4354460093896714 0.0390625 0.09859154929577464
5 0.78828125 0.4495305164319249 0.0265625 0.04929577464788732
5 0.87265625 0.45892018779342725 0.040625 0.0305164319258263
5 0.72578125 0.3967136150234742 0.025 0.028169014084507043
5 0.3296875 0.3967136150234742 0.0171875 0.03990610328638498
5 0.28671875 0.42018779342723006 0.0375 0.0539906103286385
5 0.2359375 0.4258262910798125 0.0328125 0.056338028169014086
5 0.6703125 0.43896713615023475 0.01875 0.035211267605633804
5 0.05234375 0.47183098591549294 0.028125 0.04695356807511735
5 0.1609375 0.4131455399061033 0.0234375 0.0539906103286385
5 0.86953125 0.38497652582159625 0.0234375 0.035211267605633804
5 0.41328125 0.4295774647887324 0.0140625 0.06103286384976526
5 0.25 0.40023474178403756 0.0140625 0.02112676056338028
