5 0.496875 0.4791666666666667 0.115625 0.375
5 0.5171875 0.8229166666666666 0.215625 0.2375
5 0.221875 0.16875 0.034375 0.03333333333333333
5 0.44375 0.14166666666666666 0.034375 0.08333333333333333
5 0.471875 0.15416666666666667 0.028125 0.058333333333333334
5 0.49375 0.15833333333333333 0.025 0.05416666666666667
5 0.6 0.15833333333333333 0.034375 0.05
5 0.8875 0.38333333333333336 0.075 0.15833333333333333
5 0.56875 0.14583333333333334 0.025 0.075
5 0.328125 0.14583333333333334 0.028125 0.0625
5 0.9265625 0.3458333333333333 0.03125 0.175
5 0.3625 0.16666666666666666 0.03125 0.025
5 0.959375 0.18333333333333332 0.03125 0.0375