5 0.1734375 0.8286163522012578 0.021875 0.1792452830188679
5 0.075 0.8710691823899371 0.034375 0.20754716981132076
5 0.04609375 0.8710691823899371 0.0296875 0.18553459119496854
5 0.153125 0.8207547169811321 0.03125 0.1792452830188679
5 0.09921875 0.85062893081761 0.025 0.1761006289308176
5 0.04921875 0.720125786163522 0.01875 0.11320754716981132
5 0.0328125 0.7264150943396226 0.0171875 0.10377358490566038
5 0.0078125 0.7279874213836478 0.015625 0.11320754716981132
5 0.13359375 0.860062893081761 0.0421875 0.22327044025157233
5 0.1654375 0.5251572327044025 0.0078125 0.018867924528301886
5 0.28671875 0.526729559754277 0.0109375 0.0440251572327044