5 0.64140625 0.55235294117647 0.54375 0.88
5 0.284375 0.5458823529411765 0.434375 0.88
5 0.4171875 0.4329411764705882 0.028125 0.08941176470588236
5 0.49765625 0.4623529411764706 0.054375 0.3458823529411765
5 0.77890625 0.3411764705882353 0.090625 0.16705882352941176
5 0.94765625 0.4976470588235294 0.09375 0.49411764705882355
5 0.05546875 0.4470588235294118 0.1109375 0.37411764705882355
5 0.44375 0.5364705882352941 0.0828125 0.1976470588235294
5 0.3296875 0.44 0.0625 0.32
5 0.39296875 0.3952941176470588 0.0453125 0.1811764705882353
5 0.8234375 0.38 0.0328125 0.09176470588235294
5 0.0014542359374999998 0.0015905058823529412 0.000216528125 0.001525729411764706
5 0.56953125 0.39647058823529413 0.05625 0.15058823529411763
