5 0.49140625 0.44730679156908665 0.28125 0.309133594613583
5 0.20703125 0.1288056206088993 0.2296875 0.23653395784543327
5 0.21171875 0.6569086651053864 0.3359375 0.38875878220140514
5 0.754375 0.42857142857142855 0.209375 0.3864168618266979
5 0.19140625 0.5360655737704916 0.2640625 0.4098360655737705
5 0.000271240625 0.002164330210772834 0.0004505906249999996 0.0003551826697892271
5 0.053125 0.10421545667447307 0.10625 0.2084309133594615
5 0.87421875 0.8501170960187353 0.225 0.2997658079625293
5 0.478125 0.21311475409836064 0.1546875 0.1779859547775176
5 0.23359375 0.10421545667447307 0.1921875 0.2084309133594615
5 0.46640625 0.1358313817330211 0.184375 0.2529274004683841
