5 0.3372365339578454 0.5546875 0.5597189695550351 0.821875
5 0.54449657119438 0.07734375 0.1686182669789227 0.1453125
5 0.37822014051522246 0.065625 0.17330210772833723 0.13125
5 0.25526932084309134 0.16953125 0.12646370023419204 0.2015625
5 0.10772833723653395 0.15625 0.17330210772833723 0.1609375
5 0.058550093676815 0.27109375 0.112412177985955 0.1421875
5 0.6252927400468384 0.065625 0.159250585500937 0.1265625
5 0.6463700234192038 0.27109375 0.16393442622950818 0.178125
5 0.798595477751756 0.28046875 0.18501170960187355 0.165625
5 0.6545667447306791 0.3328125 0.117096018735363 0.071875
5 0.0515222524355972 0.34453125 0.1030444965711944 0.0734375
5 0.7857142857142857 0.328125 0.152225243559719 0.078125
5 0.7669789227166276 0.1375 0.11007025761124122 0.109375