5 0.83671875 0.5364583333333334 0.0375 0.11875
5 0.81796875 0.546875 0.0140625 0.07083333333333333
5 0.97578125 0.5385416666666667 0.0265625 0.11041666666666666
5 0.87109375 0.540625 0.034375 0.13333333333333333
5 0.98984375 0.5364583333333334 0.0203125 0.1
5 0.754375 0.5145833333333333 0.0109375 0.03333333333333333
5 0.7609375 0.515625 0.0125 0.03333333333333333
5 0.77578125 0.515625 0.0109375 0.035416666666666666
5 0.7953125 0.5135416666666667 0.00625 0.027083333333333334
5 0.80625 0.53125 0.0109375 0.0625
5 0.95546875 0.509375 0.0171875 0.035416666666666666
5 0.6875 0.50625 0.00625 0.025
5 0.6359375 0.5052083333333334 0.0078125 0.029166666666666667
