5 0.7976470588235294 0.53359375 0.3388235294117647 0.3890625
5 0.6694117647058824 0.4703125 0.1623529411764706 0.1984375
5 0.42705882352941177 0.50078125 0.14588235294117646 0.2140625
5 0.3023529411764706 0.56015625 0.15764705882352942 0.2109375
5 0.12 0.6154375 0.2376470588235294 0.296875
5 0.20352941176470588 0.609375 0.17411764705882352 0.2625
5 0.5294117647058824 0.5125 0.11529411764705882 0.1640625
5 0.7235294117647059 0.34375 0.5529411764705883 0.6875
5 0.8105882352941176 0.36171875 0.18588235294117647 0.1328125
5 0.11058823529411765 0.50859375 0.047058823529411764 0.04375
5 0.2529411764705882 0.46640625 0.03294117647058824 0.0375
5 0.19058823529411764 0.4640625 0.03529411764705882 0.096875
5 0.6 0.4796875 0.11764705882352941 0.1671875