5 0.6078125 0.5666666666666667 0.15 0.2916666666666667
5 0.1125 0.8083333333333333 0.1203125 0.3541666666666667
5 0.5046875 0.71875 0.1921875 0.2916666666666667
5 0.540625 0.7479166666666667 0.2015625 0.3770833333333333
5 0.5984375 0.103125 0.0671875 0.11875
5 0.9 0.59375 0.1140625 0.35208333333333336
5 0.75546875 0.3927083333333333 0.1359375 0.3
5 0.4234375 0.45729166666666665 0.2015625 0.29583333333333334
5 0.09453125 0.24166666666666667 0.1046875 0.3375
5 0.15078125 0.146875 0.1 0.27708333333333335
5 0.70859375 0.7458333333333333 0.19375 0.2875
5 0.35234375 0.06979166666666667 0.071875 0.10208333333333333
5 0.76796875 0.25 0.0578125 0.12708333333333333
