5 0.31058823529411766 0.60703125 0.4235294117647059 0.3625
5 0.40705882352941175 0.253125 0.36470588235294116 0.36875
5 0.17058823529411765 0.3 0.11294117647058824 0.4515625
5 0.908235294117647 0.29375 0.18352941176470589 0.321875
5 0.7741176470588236 0.14765625 0.13176470588235295 0.178125
5 0.6717647058823529 0.15703125 0.21176470588235294 0.1421875
5 0.00030723764705882354 0.0009396125 0.0005985317647058823 0.0012457765625
5 0.2752941176470588 0.2154375 0.21176470588235294 0.39375
5 0.6082352941176471 0.84453125 0.6447058823529411 0.3078125
5 0.1 0.22578125 0.15294117647058825 0.315625
5 0.971764705882353 0.17890625 0.05647058823529412 0.109375
5 0.6305882352941177 0.2640625 0.1976470588235294 0.2265625
5 0.76 0.31953125 0.1952941176470588 0.2