5 0.39921875 0.6627634660421545 0.184375 0.6463700234192038
5 0.8015625 0.680327868852459 0.154375 0.6135831381733021
5 0.728125 0.5210772833723654 0.059375 0.2693208430913349
5 0.9390625 0.563231850117096 0.121875 0.8501170960187353
5 0.16875 0.6498829039812647 0.103125 0.46604215456674475
5 0.24296875 0.6206088992974239 0.0734375 0.3747072599531616
5 0.08671875 0.6697892271662763 0.0765625 0.3981264637002342
5 0.03984375 0.6861826697892272 0.0765625 0.477751756440281
5 0.303125 0.5960187353629977 0.053125 0.2857142857142857
5 0.75390625 0.47423887587822017 0.01875 0.03278688524590164
5 0.7654375 0.512646370023419 0.0328125 0.06791569086651054
5 0.5875 0.5 0.146875 0.2646370023419204
5 0.634375 0.468384074941452 0.046875 0.1030444965711944
