5 0.4744990892531876 0.91328125 0.04735883424408015 0.0578125
5 0.3296903460837887 0.84296875 0.023679417122040074 0.05625
5 0.39435336976320584 0.8515625 0.030965391621129327 0.0546875
5 0.3132969034608379 0.8359375 0.012750455373406194 0.0265625
5 0.970856102003643 0.88046875 0.04189435336976321 0.0546875
5 0.23770491803278687 0.83984375 0.01457195998178506 0.0203125
5 0.8897996357012751 0.9359375 0.03278688524590164 0.05
5 0.09107468123861566 0.85390625 0.018214936247723135 0.0421875
5 0.21584699453551912 0.83984375 0.007285974499089253 0.01875
5 0.122040072859745 0.85 0.018214936247723135 0.040625
5 0.5327868852459017 0.8654375 0.01639344262295082 0.0203125
5 0.27231329690346084 0.83984375 0.018214936247723135 0.01875
5 0.10564663023679417 0.8515625 0.01457195998178506 0.0390625