5 0.153 0.6531531531531531 0.27 0.6936936936936937
5 0.406 0.6186186186186187 0.082 0.2852852852852853
5 0.567 0.6321321321321322 0.08 0.3303303303303303
5 0.797 0.6291291291291291 0.192 0.7237237237237237
5 0.654 0.5105105105105106 0.026 0.08408408408408409
5 0.715 0.527027027027027 0.036 0.1021021021021021
5 0.615 0.54984984984985 0.012 0.057057057057057055
5 0.599 0.59595959595 0.016 0.05405405405405406
5 0.673 0.6171171171171171 0.056 0.2972972972972973
5 0.472 0.6246246246246246 0.078 0.3033033033033033
