5 0.82265625 0.678173719376392 0.1140625 0.4365256124721604
5 0.9515625 0.595768374165107 0.046875 0.17817371937639198
5 0.90625 0.6035634743875279 0.0578125 0.18040089086859687
5 0.38828125 0.5244988864142539 0.034375 0.0467706013363029
5 0.09765625 0.5846325167037862 0.0203125 0.08685968819599109
5 0.07265625 0.5868596881959911 0.01875 0.0779510022271715
5 0.984375 0.5746102449888641 0.01875 0.1091314031180401
5 0.05703125 0.5812917594654788 0.0140625 0.07349665924276169
5 0.1140625 0.5701559020044543 0.015625 0.0556792873051225
5 0.8859375 0.5868596881959911 0.01875 0.1469933185552338
5 0.08046875 0.5567928730512249 0.015625 0.028953229398663696
5 0.0453125 0.561247216035635 0.0125 0.044543429844097995
5 0.1546875 0.5779510022271714 0.0125 0.06904231625835189
