5 0.6125 0.8049645390070922 0.1453125 0.3900709219858156
5 0.4375 0.764775413711584 0.053125 0.23877068557919623
5 0.540625 0.7529550827423168 0.065625 0.286052009456265
5 0.2953125 0.7522695035461 0.053125 0.2056737588652522
5 0.23203125 0.8120567375886525 0.1046875 0.30969267139479906
5 0.36171875 0.8085106382978723 0.0421875 0.15839243498817968
5 0.73515625 0.7671394799054374 0.075 0.2340425531915937
5 0.80390625 0.7494089834515366 0.0578125 0.28841607565011823
5 0.68203125 0.7635933806146572 0.053125 0.2198581560283688
5 0.0234375 0.764775413711584 0.0375 0.1678569976359337
5 0.3296875 0.8096926713947991 0.0234375 0.07092198581560284
5 0.725 0.7470449172576832 0.054375 0.2718676122931442