5 0.835 0.4012539184952978 0.026 0.0877742946708464
5 0.917 0.8040752351097179 0.076 0.29153605015673983
5 0.558 0.5250783699059561 0.032 0.14106583072100312
5 0.365 0.36363636363636365 0.012 0.07523510971786834
5 0.614 0.565830721003135 0.034 0.172413793103453
5 0.821 0.4780564263322884 0.03 0.12539184952978055
5 0.85 0.5689655172413793 0.046 0.16300940438871472
5 0.889 0.622257053291536 0.062 0.18181818181818182
5 0.724 0.6050156739811913 0.052 0.19435736677115986
5 0.57 0.4231974921630094 0.036 0.09090909090909091
5 0.783 0.46394984326018807 0.034 0.1379310345275862
5 0.956 0.637931034527587 0.088 0.21003134796238246
5 0.802 0.6003134796238244 0.046 0.18495297805642633
