5 0.8235981308411215 0.40625 0.3060747663551402 0.365625
5 0.10514018691588785 0.37890625 0.2102803738317757 0.4015625
5 0.5771028037383178 0.6109375 0.642523364559814 0.778125
5 0.19509345794392524 0.07734375 0.16822429906542055 0.0765625
5 0.8200934579439252 0.071875 0.10046728971962617 0.0671875
5 0.9345794392523364 0.07109375 0.0911214953271028 0.0703125
5 0.08878504672897196 0.06328125 0.04205607476635514 0.05
5 0.5245327102803738 0.06953125 0.1261682242990654 0.05625
5 0.3060747663551402 0.05703125 0.12149532710280374 0.046875
5 0.0455607476635514 0.06328125 0.0911214953271028 0.053125
5 0.677570093457944 0.07734375 0.07242990654205607 0.0671875