5 0.475 0.7652582159624414 0.1078125 0.28169014084507044
5 0.4140625 0.7406103286384976 0.0546875 0.18779342723004694
5 0.346875 0.6654929577464789 0.0265625 0.03286384976525822
5 0.32109375 0.6737089201877934 0.01875 0.03286384976525822
5 0.30859375 0.653755868544601 0.015625 0.0305164319258263
5 0.32265625 0.602112676056338 0.0109375 0.025821596244131457
5 0.96640625 0.7699530516431925 0.03125 0.056338028169014086
5 0.32421875 0.6584507042253521 0.015625 0.03990610328638498
5 0.3015625 0.6185446009389671 0.009375 0.0305164319258263
5 0.94453125 0.6326291079812206 0.0125 0.018779342723004695
5 0.91640625 0.6384976525821596 0.0171875 0.03286384976525822
5 0.36171875 0.5985915492957746 0.009375 0.023474178403755867
5 0.9296875 0.6408450704225352 0.0109375 0.018779342723004695
