5 0.89921875 0.6172839506172839 0.034375 0.21810699588477367
5 0.84765625 0.5473251028806584 0.009375 0.07818930041152264
5 0.884375 0.526759711934157 0.0125 0.082304526759712
5 0.91875 0.541152263374556 0.0078125 0.06172839506172839
5 0.92578125 0.5349794238683128 0.01875 0.09465020576131687
5 0.875 0.541152263374556 0.0125 0.06584362139917696
5 0.8921875 0.5308641975308642 0.009375 0.0329218106995885
5 0.971875 0.6111111111111112 0.0234375 0.1934156378600823
5 0.99140625 0.6172839506172839 0.0171875 0.21810699588477367
5 0.9140625 0.5329218106995884 0.009375 0.06172839506172839
5 0.76875 0.49382716049382713 0.0078125 0.024691358024691357
5 0.8296875 0.551440329218107 0.0140625 0.07407407407407407
5 0.8578125 0.5432098765432098 0.0125 0.05761316872427984