5 0.68 0.6272455089820359 0.044 0.19461077844311378
5 0.809 0.655688622754491 0.074 0.10179640718562874
5 0.842 0.6317365269461078 0.086 0.12874251497005987
5 0.432 0.6916167664670658 0.018 0.04491017964071856
5 0.519 0.68712575502994 0.006 0.014970059880239521
5 0.955 0.6721556886227545 0.03 0.07784431137724551
5 0.974 0.6616766467065869 0.022 0.029940119760479042
5 0.567 0.6661676646706587 0.022 0.059880239520958084
5 0.628 0.6497005988023952 0.014 0.04491017964071856
5 0.055 0.7350299401197605 0.012 0.0359281437125755
5 0.225 0.6047904191616766 0.012 0.0359281437125755
5 0.635 0.6706586826347305 0.012 0.041916167664670656
