5 0.0014501599999999998 0.0018083920000000002 0.0005698400000000001 0.001716552
5 0.00170982 0.0019058853333333333 0.00053004 0.0015215653333333333
5 0.15 0.6586666666666666 0.286 0.6506666666666666
5 0.432 0.7813333333333333 0.068 0.43466666666666665
5 0.547 0.6493333333333333 0.062 0.10933333333333334
5 0.285 0.72 0.032 0.12533333333333332
5 0.498 0.7106666666666667 0.036 0.10933333333333334
5 0.226 0.7226666666666667 0.04 0.12266666666666666
5 0.192 0.768 0.068 0.32266666666666666
5 0.472 0.7226666666666667 0.024 0.136
