5 0.26 0.4339339339339339 0.064 0.27627627627627627
5 0.128 0.47147147147147145 0.088 0.35735735735735735
5 0.427 0.3768768768768769 0.034 0.12312312312312312
5 0.475 0.3768768768768769 0.02 0.10810810810810811
5 0.521 0.34984984984984985 0.014 0.05105105105105105
5 0.452 0.365656565656 0.018 0.07207207207207207
5 0.939 0.395959595949 0.042 0.2222222222222222
5 0.497 0.3738738738738739 0.024 0.0990990990990991
5 0.462 0.36036036036036034 0.01 0.06906906906906907
5 0.968 0.46096096096096095 0.064 0.09009009009009009
5 0.52 0.36786786786786785 0.01 0.050505050505
5 0.716 0.6441441441441441 0.124 0.5555555555555556