5 0.50234375 0.7004716981132075 0.284375 0.5990566037735849
5 0.6546875 0.3867924528301887 0.04375 0.11084905660377359
5 0.3890625 0.3561320754716981 0.0375 0.06367924528301887
5 0.334375 0.3632075471698113 0.034375 0.08254716981132075
5 0.77578125 0.553490566037735 0.054375 0.0589622641509434
5 0.30546875 0.4186320754716981 0.04375 0.12971698113207547
5 0.2921875 0.3490566037735849 0.040625 0.08490566037735849
5 0.39296875 0.42924528301886794 0.0421875 0.14150943396226415
5 0.209375 0.39858490566037735 0.046875 0.125
5 0.28125 0.6933962264150944 0.08125 0.08018867924528301
5 0.69296875 0.4257075471698113 0.053125 0.1391509433962264
5 0.684375 0.12264150943396226 0.034375 0.07075471698113207
5 0.89453125 0.16273584905660377 0.040625 0.08490566037735849