5 0.50234375 0.5655737704918032 0.11875 0.17096018735362997
5 0.3 0.505855009367682 0.071875 0.17330210772833723
5 0.6578125 0.4918032786885246 0.0609375 0.0843091335946135
5 0.54296875 0.5398126463700235 0.071875 0.15690866510538642
5 0.71015625 0.5243559718969553 0.053125 0.0843091335946135
5 0.14453125 0.4765807962529274 0.04375 0.1288056206088993
5 0.2015625 0.47423887587822017 0.075 0.18969555035128804
5 0.4375 0.5573770491803278 0.0796875 0.152225243559719
5 0.37890625 0.5421545667447307 0.071875 0.15690866510538642
5 0.346875 0.5362997658079626 0.0640625 0.1358313817330211
5 0.25 0.49765807962529274 0.059375 0.14988290398126464
5 0.6765625 0.46955503512880564 0.0359375 0.06791569086651054
5 0.18046875 0.4262295081967213 0.0375 0.0843091335946135
