5 0.46714285714285714 0.926 0.19142857142857142 0.15
5 0.7342857142857143 0.78 0.06285714285714286 0.126
5 0.7814285714285715 0.768 0.06 0.118
5 0.8957142857142857 0.707 0.07714285714285714 0.086
5 0.002747102857142857 0.0013750199999999998 0.00022008285714285715 0.00021572
5 0.35714285714285715 0.872 0.06571428571428571 0.046
5 0.1957142857142857 0.968 0.07142857142857142 0.062
5 0.10428571428571429 0.719 0.02857142857142857 0.028
5 0.25142857142857145 0.985 0.08571428571428572 0.03
5 0.12571428571428572 0.747 0.03428571428571429 0.064
5 0.5142857142857143 0.867 0.02857142857142857 0.038
5 0.02 0.8 0.037142857142857144 0.092
5 0.6557142857142857 0.866 0.07142857142857142 0.178