5 0.39376443418013857 0.72421875 0.3302540415704388 0.44375
5 0.593533572979214 0.76328125 0.11547344110854503 0.175
5 0.827944572752679 0.734375 0.07621247113163972 0.1796875
5 0.6454965357967667 0.609375 0.03695150115473441 0.021875
5 0.950369515011547 0.60546875 0.03002309468822171 0.021875
5 0.8556581986143187 0.6046875 0.03695150115473441 0.015625
5 0.1812933025404157 0.6078125 0.04157043879907621 0.0234375
5 0.75635103926097 0.6154375 0.013856812933025405 0.0109375
5 0.9133949191685913 0.60859375 0.03002309468822171 0.0203125
5 0.684757505773672 0.60625 0.050808314087759814 0.03125
5 0.9780600461893765 0.5984375 0.03464203233256351 0.0359375
5 0.5946882217090069 0.61328125 0.03233256351039261 0.0140625
5 0.4295612009237875 0.60703125 0.03002309468822171 0.0265625