5 0.025 0.5619158878504673 0.0375 0.09813084112149532
5 0.0953125 0.5922897196261683 0.0515625 0.1378504672897196
5 0.5609375 0.5817757009345794 0.0359375 0.09345794392523364
5 0.46171875 0.5630841121495327 0.028125 0.13317757009345793
5 0.7046875 0.5934579439252337 0.015625 0.056074766355140186
5 0.8859375 0.5735981308411215 0.0453125 0.08177570093457943
5 0.85546875 0.5619158878504673 0.021875 0.03271028037383177
5 0.94375 0.579439252336456 0.0234375 0.12149532710280374
5 0.05703125 0.5700934579439252 0.034375 0.0957943925233645
5 0.59140625 0.594626168224299 0.0375 0.1261682242990654
5 0.0140625 0.7102803738317757 0.028125 0.32242990654205606
5 0.754375 0.5817757009345794 0.0109375 0.009345794392523364
5 0.10703125 0.47546728971962615 0.040625 0.13551401869158877
