5 0.745 0.6253731343283582 0.05 0.25970149253731345
5 0.652 0.6149253731343284 0.066 0.24477611940298508
5 0.193 0.5776119402985075 0.092 0.25671641791044775
5 0.349 0.5925373134328358 0.06 0.24776119402985075
5 0.915 0.5597014925373134 0.034 0.16417910447761194
5 0.864 0.5537313432835821 0.02 0.11641791044776119
5 0.825 0.5477611940298508 0.026 0.13432835820895522
5 0.324 0.5417910447761194 0.032 0.19701492537313434
5 0.972 0.5835820895522388 0.024 0.13134328358208955
5 0.673 0.517910447761194 0.02 0.07164179104477612
5 0.947 0.5597014925373134 0.022 0.14925373134328357
5 0.706 0.5313432835820896 0.026 0.08955223880597014
5 0.371 0.5253731343283582 0.036 0.14626865671641792