5 0.45546875 0.7935943060498221 0.121875 0.3879003558718861
5 0.5515625 0.7508896797153025 0.054375 0.16725978647686832
5 0.690625 0.6156583629893239 0.0203125 0.1530249110320285
5 0.19296875 0.555160142357544 0.0046875 0.028469750889679714
5 0.83828125 0.5604982206405694 0.0140625 0.08896797153024912
5 0.87890625 0.7526690391459074 0.0515625 0.298932384341637
5 0.37109375 0.6316725978647687 0.021875 0.1387900355871886
5 0.33125 0.6690391459074733 0.040625 0.23843416370106763
5 0.60546875 0.791814946619217 0.0578125 0.17793594306049823
5 0.98359375 0.6814946619217082 0.0328125 0.10676156583629894
5 0.8125 0.6352313167259787 0.01875 0.14590747330960854
5 0.0015547125 0.0031103950177935945 0.0000155765625 0.0008966441281138789
5 0.553125 0.6192170818505338 0.021875 0.099644128113879
