5 0.559375 0.8173302107728337 0.0171875 0.06088992974238876
5 0.39453125 0.816159250585501 0.0109375 0.06323185011709602
5 0.3765625 0.8173302107728337 0.0109375 0.058550093676815
5 0.64765625 0.859547775175644 0.065625 0.2412177985954777
5 0.709375 0.8009367681498829 0.015625 0.0281030444965712
5 0.240625 0.8114754098360656 0.0109375 0.0444965711943794
5 0.29375 0.816159250585501 0.0140625 0.0351288056206089
5 0.20546875 0.820843091335946 0.0140625 0.08196721311475409
5 0.14765625 0.8266978922716628 0.0265625 0.07728337236533958
5 0.40234375 0.816159250585501 0.0125 0.06088992974238876
5 0.221875 0.8243559718969555 0.03125 0.07494145199063232
5 0.69453125 0.8149882903981265 0.009375 0.0444965711943794
5 0.43984375 0.8185011709601874 0.0125 0.06557377049180328
