5 0.75390625 0.7962529274004684 0.015625 0.02576112412177986
5 0.86796875 0.4063231850117096 0.2125 0.30210772833723654
5 0.71171875 0.4238875878220141 0.103125 0.27400468384074944
5 0.50234375 0.45784543325526933 0.06875 0.140515222524356
5 0.43203125 0.4953161592505855 0.0671875 0.1053864168618267
5 0.78203125 0.7927400468384075 0.0125 0.0281030444965712
5 0.8390625 0.7927400468384075 0.0109375 0.01639344262295082
5 0.71015625 0.797423887587822 0.01875 0.0281030444965712
5 0.5453125 0.820843091335946 0.0109375 0.01639344262295082
5 0.6875 0.804449657119438 0.0109375 0.01873536299765808
5 0.65703125 0.81030444965712 0.0140625 0.01873536299765808
5 0.64921875 0.809133594613583 0.0078125 0.01873536299765808
5 0.5203125 0.8185011709601874 0.0125 0.02576112412177986