5 0.478125 0.5737704918032787 0.196875 0.28337236533957844
5 0.5654375 0.584309133594613 0.1890625 0.297423887587822
5 0.56328125 0.3255269320843091 0.0953125 0.3231850117096019
5 0.4734375 0.3337236533957845 0.0890625 0.3442622950819672
5 0.30234375 0.2693208430913349 0.05 0.1756440281030445
5 0.15078125 0.3665105386416862 0.0828125 0.2857142857142857
5 0.1203125 0.21194379391100704 0.05625 0.1358313817330211
5 0.22421875 0.1791569086651054 0.0640625 0.234192037470726
5 0.0453125 0.2681498829039813 0.05 0.15690866510538642
5 0.01015625 0.27049180327868855 0.01875 0.152225243559719
