5 0.58671875 0.68563523573201 0.0109375 0.04218362282878412
5 0.59765625 0.677419355387096 0.00625 0.034739454094292806
5 0.60390625 0.6799007444168734 0.0078125 0.03970223325062035
5 0.725 0.6786600496277916 0.0046875 0.02729528535980149
5 0.59296875 0.6823821339950372 0.00625 0.03722084367245657
5 0.6734375 0.68563523573201 0.0109375 0.017369727047146403
5 0.71875 0.6786600496277916 0.0046875 0.0251389578163772
5 0.7859375 0.68563523573201 0.009375 0.0158833746898263
5 0.77578125 0.6861042183622829 0.0078125 0.017369727047146403
5 0.65859375 0.6786600496277916 0.0078125 0.02729528535980149
5 0.740625 0.6761786600496278 0.00625 0.009925558312655087
5 0.61328125 0.6811414392059554 0.00625 0.017369727047146403
5 0.6515625 0.6786600496277916 0.0078125 0.02729528535980149
