5 0.78359375 0.6864583333333333 0.075 0.22916666666666666
5 0.4654375 0.590625 0.0671875 0.1375
5 0.59375 0.45625 0.021875 0.022916666666666665
5 0.32421875 0.5895833333333333 0.0390625 0.14166666666666666
5 0.36171875 0.6135416666666667 0.046875 0.09166666666666666
5 0.32890625 0.521875 0.03125 0.0375
5 0.675 0.5645833333333333 0.0375 0.058333333333333334
5 0.62421875 0.5041666666666667 0.025 0.04375
5 0.428125 0.46875 0.025 0.03333333333333333
5 0.71015625 0.45 0.021875 0.016666666666666666
5 0.5654375 0.38645833333333335 0.0234375 0.03333333333333333
5 0.49765625 0.46041666666666664 0.01875 0.020833333333333332
5 0.72890625 0.5604166666666667 0.0296875 0.0625