5 0.63046875 0.6739583333333333 0.1421875 0.41875
5 0.3953125 0.5854166666666665 0.0640625 0.25416666666666665
5 0.4765625 0.5854166666666667 0.0859375 0.21458333333333332
5 0.55390625 0.5197916666666667 0.115625 0.325
5 0.44296875 0.44583333333333336 0.03125 0.12708333333333333
5 0.284375 0.446875 0.05 0.13125
5 0.17890625 0.4354166666666667 0.03125 0.15833333333333333
5 0.25234375 0.43854166666666666 0.0265625 0.13125
5 0.78515625 0.459375 0.040625 0.13541666666666666
5 0.7375 0.465625 0.071875 0.27708333333333335
5 0.2203125 0.4427083333333333 0.0359375 0.14583333333333334
