5 0.11324786324786325 0.4796875 0.1346153846153846 0.2265625
5 0.17307692307692307 0.56875 0.1752136752136752 0.3109375
5 0.5534188034188035 0.72109375 0.042735042735042736 0.096875
5 0.5106837606837606 0.72890625 0.0405982905982906 0.0796875
5 0.57179571795717 0.7265625 0.023504273504273504 0.078125
5 0.719017094017094 0.73828125 0.03418803418803419 0.0921875
5 0.6303418803418803 0.4046875 0.27136752136752135 0.175
5 0.686965811965812 0.70625 0.03632478632478633 0.0609375
5 0.06517094017094018 0.44921875 0.12393162393162394 0.3578125
5 0.4583333333333333 0.721875 0.0405982905982906 0.09375
5 0.13675213675213677 0.45625 0.1047008547008547 0.090625
5 0.023504273504273504 0.2609375 0.04571795717957 0.05
5 0.13995726495726496 0.34375 0.1623931623931624 0.1453125