5 0.40703125 0.402810304449657 0.0640625 0.11943793911007025
5 0.434375 0.563231850117096 0.184375 0.5339578454332553
5 0.06953125 0.4601873536299766 0.054375 0.25526932084309134
5 0.52265625 0.5199063231850117 0.18125 0.4613583138173302
5 0.32734375 0.45433255269320844 0.0234375 0.0913359461358314
5 0.640625 0.4379391100702576 0.0640625 0.09601873536299765
5 0.92734375 0.4637002341920375 0.0765625 0.15690866510538642
5 0.17421875 0.582903981264637 0.0234375 0.04918032786885246
5 0.29140625 0.4601873536299766 0.0234375 0.08196721311475409
5 0.13984375 0.4765807962529274 0.09375 0.22716627634660422
5 0.83046875 0.3911007025761124 0.071875 0.1217798595477751
