5 0.34375 0.5579545454545455 0.0734375 0.25681818181818183
5 0.51953125 0.4681818181818182 0.0578125 0.125
5 0.1453125 0.5227272727272727 0.05 0.15
5 0.19375 0.5125 0.0203125 0.1340909090909091
5 0.2078125 0.5068181818181818 0.0359375 0.15454545454545454
5 0.071875 0.5272727272727272 0.0234375 0.1409090909090909
5 0.25234375 0.475 0.0171875 0.05
5 0.1154375 0.5295454545454545 0.021875 0.125
5 0.03046875 0.5522727272727272 0.034375 0.09318181818181819
5 0.428125 0.4715909090909091 0.0296875 0.05454545454545454
5 0.84140625 0.42159090909090907 0.0296875 0.06818181818181818
5 0.14921875 0.5227272727272727 0.0328125 0.12272727272727273
5 0.01953125 0.509090909090909 0.01875 0.1340909090909091