5 0.5699088145896657 0.4654375 0.5197568389057751 0.678125
5 0.756838905775076 0.35859375 0.15501519756838905 0.1109375
5 0.189969605632219 0.3296875 0.17933130699088146 0.0953125
5 0.05015197568389058 0.33046875 0.10030395136778116 0.1
5 0.718844985024316 0.07421875 0.2006079027355623 0.1171875
5 0.11398176291793313 0.15390625 0.22796352583586627 0.125
5 0.3449850243161095 0.078125 0.15501519756838905 0.15625
5 0.46808510638297873 0.0515625 0.12462006079027356 0.090625
5 0.696056322188449 0.2375 0.1276595744680851 0.1
5 0.5714285714285714 0.0453125 0.1519756838905775 0.0890625
5 0.002866382978723404 0.00055808125 0.0003462644376899696 0.0001749015625
5 0.2872340425531915 0.32578125 0.0972644376899696 0.1109375
5 0.8556231003039514 0.3203125 0.08814589665653495 0.0765625