5 0.409375 0.5821727019498607 0.1953125 0.568245125351894
5 0.62265625 0.16852367688022285 0.05625 0.1253518941504178
5 0.20078125 0.16434540389972144 0.0734375 0.1309192200557103
5 0.246875 0.116991643454039 0.0609375 0.20334261838440112
5 0.8125 0.1615598885793872 0.0859375 0.14206128133704735
5 0.49296875 0.16295264623955433 0.05625 0.13370473537604458
5 0.6828125 0.16852367688022285 0.0625 0.1253518941504178
5 0.5359375 0.11281337047353761 0.05625 0.15598885793871867
5 0.54140625 0.18384401114206128 0.054375 0.0947075208913649
5 0.14609375 0.16573816155988857 0.0609375 0.13370473537604458
5 0.89921875 0.46657381615598886 0.0984375 0.20055710306406685
5 0.74921875 0.16434540389972144 0.0625 0.13370473537604458
5 0.4328125 0.17270194986072424 0.0640625 0.12813370473537605
