5 0.505828125 0.63125 0.458984375 0.5609375
5 0.494140625 0.31171875 0.107421875 0.0953125
5 0.384765625 0.26953125 0.05828125 0.05
5 0.099609375 0.3015625 0.125 0.196875
5 0.41015625 0.30546875 0.140625 0.1640625
5 0.2822265625 0.31953125 0.140625 0.16875
5 0.19140625 0.35390625 0.130859375 0.1
5 0.2060546875 0.25234375 0.095703125 0.0875
5 0.9443359375 0.5359375 0.111328125 0.3453125
5 0.5322265625 0.2654375 0.03125 0.11875
5 0.4951171875 0.2453125 0.095703125 0.0984375
5 0.7255859375 0.40390625 0.14453125 0.4515625