5 0.693 0.456 0.03 0.112
5 0.496 0.43866666666666665 0.02 0.072
5 0.51 0.432 0.022 0.088
5 0.444 0.42133333333333334 0.026 0.07733333333333334
5 0.791 0.4266666666666667 0.01 0.037333333333333336
5 0.075 0.38266666666666665 0.024 0.06933333333333333
5 0.127 0.38666666666666666 0.034 0.08
5 0.02 0.37066666666666664 0.02 0.096
5 0.733 0.45866666666666667 0.022 0.08266666666666667
5 0.76 0.4613333333333333 0.028 0.08533333333333333
5 0.876 0.42 0.066 0.2773333333333333
5 0.628 0.42533333333333334 0.074 0.21333333333333335
