5 0.1109375 0.35093896713615025 0.021875 0.08685446009389672
5 0.54453125 0.36384976525821594 0.0578125 0.07981220657276995
5 0.38125 0.1983568075117371 0.0875 0.09859154929577464
5 0.32265625 0.545774647887324 0.0171875 0.06103286384976526
5 0.078125 0.36032863849765256 0.03125 0.05868544600938967
5 0.4390625 0.6408450704225352 0.0125 0.05164319258262914
5 0.49765625 0.6854460093896714 0.00625 0.04695356807511735
5 0.5359375 0.6725352112676056 0.0109375 0.06103286384976526
5 0.4654375 0.664319258262911 0.015625 0.04929577464788732
5 0.45390625 0.6502347417840375 0.015625 0.06338028169014084
5 0.30078125 0.5234741784037559 0.0109375 0.056338028169014086
5 0.15703125 0.38497652582159625 0.025 0.07981220657276995
5 0.2734375 0.504695356807511 0.0140625 0.04695356807511735