5 0.53515625 0.4739583333333333 0.0421875 0.14791666666666667
5 0.65390625 0.4375 0.0328125 0.08958333333333333
5 0.68515625 0.4552083333333333 0.0328125 0.11875
5 0.73203125 0.434375 0.0390625 0.08541666666666667
5 0.87109375 0.45729166666666665 0.04375 0.11875
5 0.834375 0.4479166666666667 0.0296875 0.10833333333333334
5 0.72265625 0.51875 0.1046875 0.10416666666666667
5 0.37265625 0.4791666666666667 0.0421875 0.12708333333333333
5 0.403125 0.43333333333333335 0.0234375 0.04375
5 0.2734375 0.5302083333333333 0.03125 0.075
5 0.4734375 0.465625 0.0375 0.11666666666666667
5 0.60625 0.44583333333333336 0.0203125 0.075
5 0.78359375 0.465625 0.0328125 0.1125
