5 0.1796875 0.6133177570093458 0.0234375 0.1705607476635514
5 0.034375 0.633177570093458 0.0390625 0.08411214953271028
5 0.96171875 0.4310747663551402 0.0359375 0.12149532710280374
5 0.76640625 0.4077102803738318 0.021875 0.193925233645598
5 0.403125 0.47313084112149534 0.00625 0.02570093457943925
5 0.14453125 0.5992990654205608 0.0703125 0.3691588785046729
5 0.3390625 0.4649532710280374 0.0203125 0.053738317757009345
5 0.540625 0.5852803738317757 0.0171875 0.15186915887850466
5 0.64375 0.425233645598131 0.0453125 0.17757009345794392
5 0.3828125 0.5151869158878505 0.0046875 0.04205607476635514
5 0.934375 0.2908878504672897 0.08125 0.05841121495327103