5 0.6625 0.612224458977956 0.0375 0.16032064128256512
5 0.75 0.6312625250501002 0.0328125 0.11422845691382766
5 0.4654375 0.5420841683366734 0.0109375 0.0741529659318638
5 0.79140625 0.601202405096193 0.0296875 0.1503006012024052
5 0.90078125 0.5130260521042084 0.0140625 0.04609218436873747
5 0.55859375 0.5350701402805611 0.0203125 0.06813627254509018
5 0.52734375 0.5290581162324649 0.015625 0.06613226452905811
5 0.3796875 0.5110220440881763 0.0140625 0.03807615230460922
5 0.77578125 0.6192384769539078 0.025 0.13226452905811623
5 0.865625 0.5130260521042084 0.04375 0.05410821643286573
5 0.7546875 0.5140280561122245 0.0140625 0.0300601202405096
5 0.50078125 0.5350701402805611 0.0171875 0.0621242549699399
5 0.54375 0.53006012024051 0.009375 0.0509619238476954
