5 0.8609375 0.46458333333333335 0.0078125 0.01875
5 0.759375 0.5052083333333334 0.009375 0.022916666666666665
5 0.815625 0.54375 0.0046875 0.0125
5 0.50859375 0.5072916666666667 0.0109375 0.0375
5 0.49140625 0.6239583333333333 0.034375 0.07291666666666667
5 0.30390625 0.55625 0.0140625 0.052083333333333336
5 0.70625 0.49270833333333336 0.0125 0.022916666666666665
5 0.8125 0.5239583333333333 0.00625 0.03333333333333333
5 0.99375 0.609375 0.0125 0.03958333333333333
5 0.79765625 0.50625 0.00625 0.016666666666666666
5 0.80625 0.509375 0.00625 0.020833333333333332
5 0.73359375 0.49895833333333334 0.0015625 0.00625
5 0.79765625 0.5135416666666667 0.0109375 0.03125