5 0.38515625 0.7546728971962616 0.0671875 0.11214953271028037
5 0.6654375 0.727803738317757 0.03125 0.0957943925233645
5 0.2953125 0.6845794392523364 0.009375 0.04672897196261682
5 0.8875 0.733645598130841 0.0390625 0.10046728971962617
5 0.26015625 0.6857476635514018 0.0125 0.04205607476635514
5 0.33828125 0.6834112149532711 0.015625 0.056074766355140186
5 0.23828125 0.6822429906542056 0.0078125 0.0443925233645598
5 0.4328125 0.677570093457944 0.0078125 0.028037383177570093
5 0.21796875 0.6787383177570093 0.0125 0.0443925233645598
5 0.459375 0.675233645598131 0.0109375 0.037383177570093455
5 0.596875 0.6834112149532711 0.5859375 0.04672897196261682
5 0.5546875 0.6717289719626168 0.0109375 0.04205607476635514
5 0.7640625 0.6588785046728972 0.0109375 0.04672897196261682
