5 0.40749414519906324 0.74921875 0.3981264637002342 0.478125
5 0.09016393442622951 0.6859375 0.06557377049180328 0.054375
5 0.7306791569086651 0.7375 0.1756440281030445 0.1609375
5 0.8559718969555035 0.74296875 0.117096018735363 0.159375
5 0.6908665105386417 0.59140625 0.053864168618266976 0.05
5 0.202576112412178 0.7578125 0.15690866510538642 0.1765625
5 0.1756440281030445 0.53984375 0.1053864168618267 0.078125
5 0.633594613583139 0.465625 0.05620608899297424 0.054375
5 0.7845433255269321 0.33125 0.07494145199063232 0.046875
5 0.0234192037470726 0.684375 0.0468384074941452 0.05625
5 0.734192037470726 0.5984375 0.1030444965711944 0.0625
5 0.5749414519906323 0.621875 0.08196721311475409 0.0703125
5 0.3325526932084309 0.54140625 0.06557377049180328 0.0515625