5 0.32109375 0.5177083333333333 0.0359375 0.10625
5 0.6890625 0.58125 0.065625 0.225
5 0.8 0.515625 0.015625 0.07916666666666666
5 0.87734375 0.53125 0.0328125 0.10208333333333333
5 0.93203125 0.5375 0.0328125 0.11458333333333333
5 0.33828125 0.5229166666666667 0.025 0.09791666666666667
5 0.76875 0.55625 0.040625 0.16875
5 0.8125 0.578125 0.065625 0.21041666666666667
5 0.71796875 0.4979166666666667 0.0140625 0.03958333333333333
5 0.38984375 0.49166666666666664 0.01875 0.04583333333333333
5 0.17421875 0.5052083333333334 0.0234375 0.0625
5 0.2234375 0.5072916666666667 0.0140625 0.07083333333333333
5 0.73125 0.5479166666666667 0.0203125 0.13125