5 0.4307511737089202 0.575 0.359154929577465 0.565625
5 0.530516431925826 0.40390625 0.15258215962441316 0.1703125
5 0.8380281690140845 0.58359375 0.14788732394366197 0.2671875
5 0.7769953051643192 0.4421875 0.05868544600938967 0.084375
5 0.793427230046954 0.3734375 0.02112676056338028 0.05625
5 0.643192582629108 0.3703125 0.06572769953051644 0.084375
5 0.7206572769953051 0.3578125 0.03990610328638498 0.0515625
5 0.6901408450704225 0.354375 0.0305164319258263 0.0640625
5 0.6103286384976526 0.434375 0.08215962441314555 0.121875
5 0.6115023474178404 0.3515625 0.05164319258262914 0.071875
5 0.555164319258263 0.3125 0.05164319258262914 0.071875
5 0.8556338028169014 0.3765625 0.028169014084507043 0.0421875
5 0.534037558685446 0.296875 0.04695356807511735 0.0515625
