5 0.396875 0.5052083333333334 0.33125 0.44375
5 0.5654375 0.49166666666666664 0.2140625 0.6270833333333333
5 0.27734375 0.2604166666666667 0.03125 0.08541666666666667
5 0.18359375 0.33958333333333335 0.05625 0.15833333333333333
5 0.07734375 0.27291666666666664 0.0734375 0.10833333333333334
5 0.3046875 0.3302083333333333 0.0625 0.15833333333333333
5 0.41171875 0.31145833333333334 0.0359375 0.09166666666666666
5 0.25625 0.3385416666666667 0.05 0.1625
5 0.13828125 0.290625 0.05625 0.13541666666666666
5 0.128125 0.34791666666666665 0.0453125 0.15625
5 0.3953125 0.3177083333333333 0.0265625 0.10208333333333333
5 0.334375 0.24479166666666666 0.021875 0.06458333333333334
5 0.3203125 0.259375 0.034375 0.08541666666666667
