5 0.8890625 0.860655737704918 0.021875 0.1217798595477751
5 0.9171875 0.855009367681498 0.01875 0.0936768149882904
5 0.9421875 0.8536299765807962 0.015625 0.08665105386416862
5 0.9265625 0.8512880562060889 0.0140625 0.0913359461358314
5 0.778125 0.8536299765807962 0.025 0.11475409836065574
5 0.7984375 0.8571428571428571 0.021875 0.1030444965711944
5 0.9921875 0.859547775175644 0.015625 0.10070257611241218
5 0.528125 0.8407494145199064 0.0171875 0.08899297423887588
5 0.8765625 0.8442622950819673 0.009375 0.0913359461358314
5 0.25234375 0.8032786885245902 0.0046875 0.0281030444965712
5 0.4671875 0.8384074941451991 0.0140625 0.0913359461358314
5 0.590625 0.84192037470726 0.003125 0.0140515222524356
5 0.903125 0.859461358313818 0.015625 0.04918032786885246