5 0.065625 0.759583333333333 0.13125 0.46875
5 0.18359375 0.6770833333333334 0.0828125 0.27708333333333335
5 0.2154375 0.646875 0.0375 0.18958333333333333
5 0.38828125 0.6395833333333333 0.0640625 0.21666666666666667
5 0.79765625 0.6552083333333333 0.071875 0.2375
5 0.33359375 0.5802083333333333 0.0171875 0.058333333333333334
5 0.90859375 0.6072916666666667 0.0453125 0.12708333333333333
5 0.975 0.625 0.0390625 0.15416666666666667
5 0.27890625 0.609375 0.025 0.10625
5 0.67890625 0.678125 0.0578125 0.24583333333333332
5 0.734375 0.5979166666666667 0.03125 0.09166666666666666
5 0.753125 0.5927083333333333 0.01875 0.09583333333333334
5 0.25078125 0.6125 0.021875 0.10416666666666667
