5 0.32578125 0.755868544600939 0.071875 0.300469535680751
5 0.36875 0.7394366197183099 0.0375 0.20187793427230047
5 0.25078125 0.7065727699530516 0.0421875 0.143192582629108
5 0.17890625 0.721830985915493 0.05625 0.22535211267605634
5 0.11328125 0.7429577464788732 0.090625 0.20187793427230047
5 0.98828125 0.704225352112676 0.0234375 0.12206572769953052
5 0.9625 0.7112676056338029 0.025 0.11267605633802817
5 0.93984375 0.7053990610328639 0.01875 0.11267605633802817
5 0.45390625 0.6983568075117371 0.01875 0.12206572769953052
5 0.29140625 0.7347417840375586 0.034375 0.19014084507042253
5 0.2265625 0.704225352112676 0.0390625 0.15492957746478872
5 0.1359375 0.6514084507042254 0.0125 0.03286384976525822
5 0.14765625 0.6830985915492958 0.0171875 0.13380281690140844
