5 0.70078125 0.6552941176470588 0.065625 0.4682352941176471
5 0.5140625 0.5352941176470588 0.0234375 0.08235294117647059
5 0.2015625 0.5788235294117647 0.028125 0.11058823529411765
5 0.09765625 0.5882352941176471 0.0265625 0.14352941176470588
5 0.753125 0.6882352941176471 0.0796875 0.49176470588235294
5 0.4765625 0.831764705882353 0.2140625 0.31529411764705884
5 0.078125 0.6023529411764705 0.0265625 0.15529411764705883
5 0.24609375 0.5682352941176471 0.015625 0.1011764705882353
5 0.4625 0.5341176470588235 0.0140625 0.05411764705882353
5 0.93359375 0.4470588235294118 0.0671875 0.08705882352941176
5 0.77109375 0.6847058823529412 0.1203125 0.4964705882352941
5 0.165625 0.6082352941176471 0.054375 0.09647058823529411
5 0.0609375 0.6047058823529412 0.03125 0.17647058823529413