5 0.53828125 0.7091836734693877 0.3171875 0.5255102040816326
5 0.7875 0.695153061224598 0.29375 0.5714285714285714
5 0.66640625 0.10204081632653061 0.09375 0.20408163265306123
5 0.36640625 0.07908163265306123 0.10625 0.15816326530612246
5 0.21015625 0.07142857142857142 0.1765625 0.132653061224598
5 0.32578125 0.0625 0.1015625 0.11989795918367346
5 0.04921875 0.06377551020408163 0.0984375 0.125
5 0.2734375 0.026785714285714284 0.015625 0.04336734693877551
5 0.43984375 0.08545918367346939 0.078125 0.17091836734693877
5 0.23515625 0.04336734693877551 0.084375 0.08673469387755102
5 0.3296875 0.5535714285714286 0.371875 0.6785714285714286