5 0.44296875 0.5267898383371827 0.06875 0.21016166281755197
5 0.33203125 0.11200923787528869 0.06875 0.1755196305498845
5 0.559375 0.1235565819861432 0.196875 0.20785219399538107
5 0.66015625 0.07736720554272518 0.075 0.10623556581986143
5 0.7390625 0.745036951501155 0.0703125 0.06928406466512702
5 0.90625 0.15242494226327943 0.1546875 0.26096997690531176
5 0.115625 0.5267898383371827 0.128125 0.19861431870669746
5 0.83125 0.5729792147806006 0.0765625 0.20785219399538107
5 0.3203125 0.7736720554272517 0.08125 0.17321016166281755
5 0.08359375 0.7517321016166282 0.0734375 0.13394919168591224
5 0.69921875 0.5161662817551963 0.0796875 0.2678983833718245
5 0.52265625 0.7909930715935335 0.1703125 0.21247113163972287
5 0.91953125 0.7644341801385681 0.1203125 0.1662817551963054