5 0.261 0.7284345047923323 0.02 0.08626198083067092
5 0.384 0.670926517571885 0.018 0.06070287539936102
5 0.58 0.6661341853035144 0.012 0.04472843450479233
5 0.59 0.722044728434505 0.016 0.06389776357827476
5 0.699 0.6757188498402555 0.014 0.03833865814696555
5 0.79 0.7044728434504792 0.014 0.0670926517571885
5 0.917 0.670926517571885 0.012 0.054313099041533544
5 0.53 0.6789137380191693 0.012 0.06070287539936102
5 0.272 0.670926517571885 0.022 0.022364217252396165
5 0.345 0.6677316293929713 0.018 0.07028753993610223
5 0.16 0.7012779552715654 0.026 0.07028753993610223
5 0.36 0.6773162939297125 0.018 0.054313099041533544
5 0.438 0.669329073524281 0.016 0.04153354632587859
