5 0.52265625 0.7295081967213115 0.09375 0.20608899297423888
5 0.5640625 0.3793911007025761 0.0296875 0.1241217798595478
5 0.8609375 0.4929742388758782 0.065625 0.14754098360655737
5 0.7359375 0.2775175644028103 0.0359375 0.07259953161592506
5 0.609375 0.39344262295081966 0.0265625 0.1030444965711944
5 0.2171875 0.6978922716627635 0.0875 0.19437939110070257
5 0.709375 0.20023419203747073 0.0203125 0.03278688524590164
5 0.04375 0.39695550351288056 0.028125 0.0913359461358314
5 0.62109375 0.45784543325526933 0.04375 0.15690866510538642
5 0.67109375 0.19437939110070257 0.021875 0.0444965711943794
5 0.1390625 0.4320843091335944 0.0375 0.0913359461358314
5 0.50234375 0.1885245901639344 0.03125 0.0515222524355972
5 0.78359375 0.1557377049180328 0.0203125 0.03278688524590164
