5 0.8515625 0.8770833333333333 0.0734375 0.24583333333333332
5 0.80078125 0.8958333333333334 0.054375 0.20208333333333334
5 0.754375 0.8854166666666666 0.084375 0.22916666666666666
5 0.6734375 0.859375 0.0828125 0.28125
5 0.503125 0.8645833333333334 0.0890625 0.12291666666666666
5 0.44453125 0.840625 0.0734375 0.25625
5 0.36875 0.83125 0.065625 0.29791666666666666
5 0.0625 0.8208333333333333 0.0390625 0.1375
5 0.07265625 0.7854166666666667 0.040625 0.15625
5 0.2875 0.8333333333333334 0.09375 0.08333333333333333
5 0.16640625 0.8229166666666666 0.0421875 0.09375
5 0.11171875 0.7947916666666667 0.0375 0.06875
5 0.24453125 0.8 0.0515625 0.1