5 0.5102459016393442 0.50078125 0.6331967213114754 0.9140625
5 0.04405737704918033 0.29921875 0.08811475409836066 0.115625
5 0.13524590163934427 0.31328125 0.10860655737704918 0.154375
5 0.6711065573770492 0.2765625 0.06352459016393443 0.078125
5 0.6045081967213115 0.27578125 0.0471311475409836 0.090625
5 0.5891393442622951 0.190625 0.06352459016393443 0.084375
5 0.6372950819672131 0.19453125 0.045081967213114756 0.1078125
5 0.08811475409836066 0.23125 0.0430327868852459 0.0359375
5 0.07581967213114754 0.28359375 0.05327868852459016 0.0828125
5 0.01331967213114754 0.2703125 0.02663934426229508 0.0578125
5 0.12090163934426229 0.23125 0.028688524590163935 0.03125
5 0.7274590163934426 0.29296875 0.07581967213114754 0.1171875
5 0.9713114754098361 0.36953125 0.055327868852459015 0.1296875