5 0.546953568075117 0.55859375 0.2746478873239437 0.5171875
5 0.8227699530516432 0.40546875 0.08450704225352113 0.0671875
5 0.7359154929577465 0.36953125 0.09389671361502347 0.071875
5 0.863849765258216 0.321875 0.06807511737089202 0.0640625
5 0.8309859154929577 0.2953125 0.056338028169014086 0.05625
5 0.9084507042253521 0.284375 0.0539906103286385 0.0640625
5 0.8603286384976526 0.17265625 0.035211267605633804 0.05
5 0.7241784037558685 0.1654375 0.07511737089201878 0.0953125
5 0.4530516431925825 0.16875 0.06807511737089202 0.059375
5 0.8227699530516432 0.34765625 0.07276995305164319 0.0640625
5 0.5821596244131455 0.19765625 0.05868544600938967 0.05625
5 0.3967136150234742 0.14765625 0.05164319258262914 0.0421875
5 0.7394366197183099 0.45 0.11737089201877934 0.0859375