5 0.85234375 0.7354166666666667 0.084375 0.275
5 0.90078125 0.7125 0.065625 0.20833333333333334
5 0.76875 0.659375 0.03125 0.10833333333333334
5 0.7828125 0.61875 0.015625 0.03125
5 0.61328125 0.6739583333333333 0.06875 0.12708333333333333
5 0.5859375 0.6520833333333333 0.0203125 0.09166666666666666
5 0.53125 0.6583333333333333 0.01875 0.09166666666666666
5 0.0203125 0.7322916666666667 0.040625 0.30416666666666664
5 0.7296875 0.7770833333333333 0.1265625 0.3375
5 0.0015467046875 0.0014184458333333333 0.0000315921875 0.00037552083333333334
5 0.67734375 0.6802083333333333 0.0265625 0.12916666666666668
5 0.28671875 0.4666666666666667 0.00625 0.04583333333333333
5 0.8078125 0.7 0.034375 0.16875
