5 0.58671875 0.6768149882903981 0.209375 0.6440281030444965
5 0.23203125 0.5597189695550351 0.1734375 0.7540983606557377
5 0.159375 0.402810304449657 0.0671875 0.3442622950819672
5 0.04609375 0.7002341920374707 0.0921875 0.5784543325526932
5 0.078125 0.5550351288056206 0.15625 0.7236533957845434
5 0.45625 0.36533957845433257 0.0546875 0.1358313817330211
5 0.51953125 0.34192037470725994 0.0421875 0.07259953161592506
5 0.62421875 0.3864168618266979 0.06875 0.1615925058550095
5 0.97265625 0.3629976580796253 0.0390625 0.0936768149882904
5 0.759375 0.41920374707259955 0.075 0.07259953161592506
5 0.65859375 0.3711943793911007 0.0203125 0.06323185011709602
5 0.3171875 0.5573770491803278 0.1140625 0.5690866510538641
5 0.8125 0.3711943793911007 0.0546875 0.1686182669789227