5 0.2671875 0.34479166666666666 0.0625 0.06875
5 0.309375 0.33229166666666665 0.0359375 0.05
5 0.36015625 0.3375 0.0515625 0.07083333333333333
5 0.42578125 0.3302083333333333 0.0296875 0.075
5 0.75078125 0.33541666666666664 0.046875 0.06458333333333334
5 0.671875 0.340625 0.05 0.08125
5 0.45078125 0.33229166666666665 0.0390625 0.05416666666666667
5 0.46875 0.33958333333333335 0.0375 0.07916666666666666
5 0.715625 0.32395833333333335 0.054375 0.075
5 0.03359375 0.41041666666666665 0.0671875 0.20625
