5 0.644 0.0751295336787565 0.066 0.12694300518134716
5 0.736 0.11787564766839378 0.082 0.16321243523316062
5 0.368 0.09715025906735751 0.04 0.07772020725388601
5 0.909 0.12823834196891193 0.122 0.25647668393782386
5 0.317 0.06217616580310881 0.014 0.046632124352331605
5 0.339 0.046632124352331605 0.012 0.023316062176165803
5 0.411 0.054404145077720206 0.018 0.038860103626943004
5 0.42 0.05958549222797927 0.01 0.04145077720207254
5 0.164 0.08549222797927461 0.044 0.09585492227979274
5 0.214 0.09067357512953368 0.05 0.08549222797927461
5 0.988 0.10751295336787564 0.024 0.12435233160621761
5 0.296 0.05958549222797927 0.018 0.015544041450777202