5 0.54765625 0.3802083333333333 0.1234375 0.55625
5 0.27265625 0.55625 0.4140625 0.8604166666666667
5 0.87265625 0.15625 0.00625 0.020833333333333332
5 0.88984375 0.16875 0.0140625 0.058333333333333334
5 0.83984375 0.15416666666666667 0.0125 0.03125
5 0.9125 0.165625 0.009375 0.04583333333333333
5 0.98515625 0.16979166666666667 0.0109375 0.05
5 0.9328125 0.1625 0.0171875 0.035416666666666666
5 0.9828125 0.421875 0.03125 0.4708333333333333
5 0.903125 0.165625 0.009375 0.05
5 0.86640625 0.14791666666666667 0.0109375 0.01875
5 0.85234375 0.15208333333333332 0.0140625 0.027083333333333334
5 0.9453125 0.15833333333333333 0.0109375 0.014583333333333334