5 0.27578125 0.6895833333333333 0.2546875 0.59375
5 0.40390625 0.6364583333333333 0.178125 0.41875
5 0.5421875 0.6635416666666667 0.1125 0.6125
5 0.64453125 0.6385416666666667 0.1 0.5125
5 0.6921875 0.6145833333333334 0.0640625 0.4125
5 0.24921875 0.36875 0.0609375 0.06041666666666667
5 0.4390625 0.628125 0.09375 0.5020833333333333
5 0.59765625 0.50625 0.0640625 0.24791666666666667
5 0.41328125 0.41041666666666665 0.0609375 0.12083333333333333
5 0.16640625 0.55 0.0734375 0.17708333333333334
5 0.315625 0.44479166666666664 0.0609375 0.16875
5 0.06640625 0.596875 0.125 0.17083333333333334
