5 0.95078125 0.814645308924552 0.0140625 0.05491990846681922
5 0.92421875 0.8375286041189931 0.0265625 0.0892455125858124
5 0.87265625 0.8249427917620137 0.034375 0.0617859702517163
5 0.96875 0.8318077803203662 0.021875 0.09610983981693363
5 0.8265625 0.8077803203661327 0.015625 0.038901601830663615
5 0.8171875 0.8112128146453089 0.0140625 0.034324942791762014
5 0.47734375 0.8260869565217391 0.0265625 0.09153318077803203
5 0.19296875 0.8032036613272311 0.0203125 0.0617859702517163
5 0.72578125 0.7620137299771167 0.0078125 0.016018306636155607
5 0.8640625 0.8020594965675057 0.015625 0.032036613272311214
5 0.896875 0.8043478260869565 0.028125 0.043478260869565216
5 0.9154375 0.8077803203661327 0.015625 0.036613272311212815
5 0.38203125 0.8135011441647597 0.034375 0.10526315789473684