5 0.05078125 0.639018691588785 0.090625 0.17757009345794392
5 0.16328125 0.3399532710280374 0.0453125 0.1542056074766355
5 0.90234375 0.2395598130841123 0.028125 0.08177570093457943
5 0.88125 0.24182242990654207 0.0265625 0.06074766355140187
5 0.853125 0.2383177570093458 0.040625 0.07242990654205607
5 0.8203125 0.20677570093457945 0.0390625 0.056074766355140186
5 0.715625 0.21378504672897197 0.0328125 0.06542056074766354
5 0.77109375 0.2546728971962617 0.034375 0.07710280373831775
5 0.82421875 0.24766355140186916 0.0265625 0.0443925233645598
5 0.99375 0.267523364559813 0.0125 0.04906542056074766
5 0.78671875 0.2079439252336456 0.021875 0.06074766355140187
5 0.815625 0.3107476635514019 0.03125 0.04205607476635514
5 0.80390625 0.6214953271028038 0.1015625 0.27102803738317754
