5 0.28203125 0.716292135314607 0.153125 0.5449438202247191
5 0.5765625 0.6952247191011236 0.1859375 0.3426966292135315
5 0.84765625 0.7373595505617978 0.1875 0.47191011235955055
5 0.95625 0.671353146067416 0.0859375 0.635314606741573
5 0.14921875 0.6137640449438202 0.1203125 0.36797752808988765
5 0.7890625 0.8764044943820225 0.1796875 0.24719101123595505
5 0.18359375 0.1952247191011236 0.109375 0.300561797752809
5 0.421875 0.1671353146067415 0.11875 0.20224719101123595
5 0.3640625 0.3188202247191011 0.228125 0.22752808988764045
5 0.2171875 0.2879213531460675 0.0703125 0.22191011235955055
5 0.47265625 0.8300561797752809 0.159375 0.31741573033707865
5 0.0654375 0.6558988764044944 0.1265625 0.5224719101123596
5 0.09375 0.5314606741573035 0.1171875 0.269662921353146