5 0.64375 0.5598591549295775 0.009375 0.0305164319258263
5 0.5546875 0.8532863849765259 0.01875 0.09154929577464789
5 0.3953125 0.9225352112676056 0.034375 0.07276995305164319
5 0.28984375 0.8767605633802817 0.028125 0.07981220657276995
5 0.9625 0.754695356807511 0.03125 0.056338028169014086
5 0.91171875 0.7323943661971831 0.015625 0.04695356807511735
5 0.54453125 0.8755868544600939 0.03125 0.07746478873239436
5 0.64296875 0.8744131455399061 0.01875 0.10328638497652583
5 0.7625 0.5 0.00625 0.0164319258262911
5 0.03203125 0.8063380281690141 0.0203125 0.03990610328638498
5 0.33515625 0.4495305164319249 0.003125 0.007042253521126761
