5 0.253125 0.83125 0.0609375 0.15416666666666667
5 0.90625 0.825 0.0546875 0.22708333333333333
5 0.87265625 0.7979166666666667 0.0171875 0.07083333333333333
5 0.6 0.8552083333333333 0.0296875 0.06666666666666667
5 0.68984375 0.803125 0.0453125 0.14166666666666666
5 0.41640625 0.8104166666666667 0.0078125 0.0375
5 0.53984375 0.790625 0.009375 0.03958333333333333
5 0.371875 0.8427083333333333 0.053125 0.09375
5 0.17890625 0.875 0.0296875 0.07291666666666667
5 0.75 0.89375 0.0515625 0.16458333333333333
5 0.64921875 0.8458333333333333 0.0421875 0.09375
5 0.95703125 0.8427083333333333 0.04375 0.19791666666666666
5 0.19765625 0.825 0.0109375 0.03958333333333333