5 0.1796875 0.4636150234741784 0.0890625 0.3286384976525822
5 0.07265625 0.50046953568075 0.0984375 0.3286384976525822
5 0.3171875 0.3884976525821596 0.0265625 0.13145539906103287
5 0.24921875 0.3779342723004695 0.0203125 0.09389671361502347
5 0.33984375 0.3403755868544601 0.0203125 0.05164319258262914
5 0.39609375 0.3368544600938967 0.0203125 0.0305164319258263
5 0.27421875 0.392018779342723 0.0328125 0.12441314553990611
5 0.97890625 0.45892018779342725 0.0421875 0.2323943661971831
5 0.89609375 0.4061032863849765 0.0171875 0.07746478873239436
5 0.13203125 0.45774647887323944 0.046875 0.24647887323943662
5 0.36328125 0.3392018779342723 0.0265625 0.035211267605633804
5 0.2890625 0.3873239436619718 0.0203125 0.12441314553990611
5 0.2578125 0.36971830985915494 0.0171875 0.09389671361502347
