5 0.53203125 0.528103044496572 0.3515625 0.6182669789227166
5 0.94375 0.46955503512880564 0.1125 0.6510538641686182
5 0.7765625 0.4918032786885246 0.046875 0.24355971896955503
5 0.05859375 0.5046838407494145 0.0390625 0.11943793911007025
5 0.16640625 0.558550093676815 0.078125 0.21311475409836064
5 0.2265625 0.5573770491803278 0.0703125 0.20608899297423888
5 0.3421875 0.5421545667447307 0.0953125 0.2014051522252436
5 0.153125 0.558550093676815 0.0546875 0.2252435597189696
5 0.2765625 0.5468384074941453 0.1140625 0.19437939110070257
5 0.1890625 0.5243559718969553 0.01875 0.04918032786885246
5 0.32890625 0.4414519906323185 0.0296875 0.06791569086651054
5 0.084375 0.4707259953161593 0.03125 0.07494145199063232
5 0.178125 0.5360655737704916 0.01875 0.0468384074941452
