5 0.190625 0.6152777777777778 0.1109375 0.3277777777777778
5 0.03984375 0.6569444444444444 0.03125 0.17777777777777778
5 0.01015625 0.6569444444444444 0.0203125 0.17777777777777778
5 0.284375 0.5055555555555555 0.05625 0.12222222222222222
5 0.4171875 0.5444444444444444 0.0375 0.13333333333333333
5 0.3921875 0.6055555555555555 0.0546875 0.25
5 0.4765625 0.5819444444444445 0.1109375 0.3138888888888889
5 0.771875 0.5430555555555555 0.075 0.25555555555555554
5 0.671875 0.5805555555555556 0.1328125 0.34444444444444444
5 0.35390625 0.6388888888888888 0.08125 0.3888888888888889
5 0.5703125 0.5166666666666667 0.0828125 0.19722222222222222
5 0.93125 0.5013888888888889 0.0609375 0.21944444444444444
5 0.84765625 0.5527777777777778 0.0703125 0.21388888888888888
