5 0.3045356371490281 0.68828125 0.12526997840172785 0.1046875
5 0.19114470842332612 0.6859375 0.12742980561555076 0.0828125
5 0.5928725701943844 0.73359375 0.11663066954643629 0.075
5 0.2591792656587473 0.28671875 0.2570194384449244 0.154375
5 0.816414686825054 0.76953125 0.12958963282937366 0.09375
5 0.744060475161987 0.74296875 0.12311015118790497 0.0859375
5 0.1241900647951641 0.67265625 0.08639308855291576 0.0921875
5 0.05723542116630669 0.6654375 0.09935205183585313 0.084375
5 0.8909287257019438 0.76875 0.04967602591792657 0.0671875
5 0.46220302375809935 0.7328125 0.190064795164147 0.1609375
5 0.3693304535637149 0.6890625 0.06047516198704104 0.075
5 0.943844492440605 0.7859375 0.09287257019438445 0.046875
5 0.028077753779697623 0.634375 0.056155507559395246 0.084375